AAGAGGCA-TATCCTCT: 2952, 2692, 7097, 1513, 15165, 1408, 3536, 100358, 66495, 36126, 1427, 37955, 62107, 26447, 8446, 14622, 0, 21673, 12155, 7631, 30803, 17412, 15604, 1412, 23877, 20453, 2625, 27540, 3603, 7817, 6009, 23026, 1862, 684, 8480, 9895, 12306, 11420, 1168, 1478, 162, 5463, 7724, 33823, 31083, 557, 5910, 7255, 15741, 3184, 11418, 2958, 1355, 834, 6532, 12294, 5766, 9548, 6052, 4053, 22714, 42035, 3737, 2646, 44781, 1830, 10768, 20465, 54890, 9398, 8870, 8538, 4549, 7083, 9206, 31035, 51125, 17877, 6270, 9375, 29793, 50663, 89688, 3352, 25943, 59378, 81362, 5843, 670, 9620, 2697, 9479, 18817, 12588, 21562, 14220, 10761, 1445, 10984, 1915, 78378, 8908, 39112, 5759, 7039, 1762, 63925, 3590, 4403, 8111, 582, 8377, 19850, 1758, 5876, 33775, 19476, 9100, 2981, 45865, 7742, 8637, 56935, 16282, 23994, 5981, 6565, 3514, 43416, 0, 14855, 1992, 36040, 191, 12277, 27682, 22235, 1509, 1611, 506, 9333, 2803, 107930, 1127, 6690, 38703, 1608, 10946, 23922, 869
PB63: 13735, 12477, 1408, 8233, 13248, 73962, 12755, 0, 63790, 4031, 6991, 3429, 11503, 20143, 5075, 21625, 10029, 2440, 21124, 1064, 3331, 9716, 3507, 4066, 139, 25083, 5716, 353, 687, 22920, 661, 5301, 7596, 7954, 2945, 1972, 1355, 1329, 11647, 11119, 8359, 6783, 13902, 1064, 18934, 22684, 5789, 3297, 1826, 5302, 5738, 25368, 30233, 19994, 3110, 195, 7083, 1595, 45075, 46651, 11266, 9375, 3036, 1384, 24216, 4650, 361, 5017, 10977, 55077, 22633, 3577, 15963, 15811, 668, 1599, 8035, 0, 4118, 3244, 2991, 1998, 6457, 9839, 10069, 31925, 4714, 3098, 156, 1140, 2580, 59826, 5706, 1501, 19416, 3293, 2777, 66001, 9100, 20429, 61445, 4403, 18277, 7438, 8850, 2558, 5733, 50068, 20078, 11730, 2753, 249, 27304, 4823, 28816, 4706, 35515, 10455, 0, 5767, 1747, 1719, 195, 5334, 768, 14100, 20483, 1893, 2584, 10946
AAGAGGCA-TAGATCGC: 7336, 33295, 12703, 5707, 11822, 154790, 17645, 56751, 1212, 19374, 23613, 4097, 9241, 3326, 5075, 3205, 3056, 2823, 64302, 300, 3335, 12083, 7914, 5661, 19730, 3369, 1508, 4580, 2705, 2751, 293, 2668, 1444, 247, 345, 342, 661, 14987, 7596, 21536, 10022, 287, 13776, 6532, 12128, 807, 35325, 22541, 9197, 7656, 50828, 741, 45522, 1069, 1623, 66377, 28286, 19517, 22528, 35760, 15100, 7061, 1313, 10977, 110230, 23479, 80065, 59762, 9620, 3261, 753, 5502, 2403, 14105, 36492, 5280, 1537, 3838, 8733, 4439, 14404, 2500, 1190, 8908, 33585, 54721, 1704, 9800, 4785, 62525, 36471, 9234, 8652, 147747, 1419, 7396, 39, 0, 35133, 21376, 16536, 226, 0, 16282, 17055, 20930, 45025, 394, 18758, 2979, 12814, 12277, 3991, 5515, 2088, 1611, 13395, 1336, 1235, 1471, 21184, 3013, 10946, 111126, 154
PB39: 1395, 10441, 30, 6535, 67577, 12755, 13019, 21512, 0, 9364, 6387, 8455, 6653, 12261, 1415, 24629, 5205, 5943, 5698, 1826, 2659, 196, 1699, 20881, 235, 4923, 5281, 712, 1659, 4053, 23039, 28928, 5760, 3094, 550, 2664, 28375, 4953, 5010, 33748, 14708, 412, 17344, 4703, 76084, 16675, 4394, 25663, 0, 11820, 60613, 8232, 22633, 45957, 432, 34205, 27513, 1284, 14524, 195, 4832, 4979, 2448, 1190, 1671, 798, 2159, 1704, 6869, 3634, 6625, 19957, 3527, 4120, 33047, 78724, 76159, 36619, 4048, 8493, 0, 2207, 6939, 383, 983, 20553, 262, 309, 1945, 13864, 0, 106, 10448, 87745, 2627, 23280, 3324, 2584, 1509, 10946, 111126, 50074
PB_8: 6448, 862, 23268, 762, 7707, 4407, 30, 3792, 21166, 41218, 1427, 5004, 0, 13833, 18759, 19493, 4967, 804, 6209, 2340, 211, 4384, 408, 2347, 12835, 46264, 0, 247, 9111, 31083, 5958, 4923, 11891, 3684, 5642, 2768, 1218, 7242, 7589, 3413, 16584, 61800, 1533, 6508, 5267, 6814, 0, 2114, 6677, 13572, 1649, 10135, 5143, 23741, 194, 6005, 24899, 86368, 4157, 0, 1848, 0, 11734, 4292, 2468, 5759, 3394, 1704, 6869, 17336, 6962, 7918, 69026, 569, 6324, 39908, 9100, 52191, 496, 16424, 141, 14025, 39484, 54901, 12634, 3427, 45, 16029, 4035, 244, 15132, 1902, 12277, 14895, 129, 1368, 313, 610, 11556, 35932, 12166, 1706, 791, 4274, 154
GCTACGCT-GTAAGGAG: 0, 2532, 553, 2980, 4095, 531, 13248, 70455, 0, 1427, 5004, 279, 9008, 14672, 2988, 235, 5731, 5546, 165, 252, 7596, 4558, 3533, 33223, 5811, 5642, 19514, 11132, 855, 7238, 7609, 0, 4106, 3169, 41865, 9740, 6814, 0, 5143, 16686, 6053, 2493, 23, 15354, 13072, 1704, 27589, 5436, 530, 3120, 78724, 9100, 8737, 36619, 8850, 39484, 972, 394, 4230, 147, 0, 106, 1618, 14100, 3691, 26511, 10946, 791
PB24: 1002, 105, 0, 131, 4095, 36520, 11836, 66503, 12755, 0, 17645, 10286, 23613, 11505, 642, 1328, 306, 2012, 3485, 127, 3356, 2497, 3328, 2816, 18428, 882, 4923, 582, 7521, 23039, 5642, 550, 3326, 15588, 10284, 30286, 412, 4394, 9, 69890, 10239, 23718, 22639, 0, 16725, 516, 1584, 14603, 91159, 28476, 2493, 0, 269, 33889, 3129, 7632, 14865, 8028, 16930, 23002, 4006, 21404, 3527, 2022, 8835, 39908, 76159, 16443, 186, 5098, 18277, 7920, 4089, 0, 42907, 0, 2555, 33476, 262, 1945, 10455, 682, 11792, 18615, 2584, 10946, 111126
PB55: 1187, 3536, 283, 56748, 17456, 0, 210, 6006, 10476, 9718, 2420, 1970, 2472, 4112, 4923, 1454, 1341, 35864, 12561, 3690, 23012, 4394, 3855, 6194, 4841, 3102, 9489, 5143, 6916, 0, 28476, 11074, 0, 4266, 6774, 400, 1778, 618, 33352, 21404, 3527, 2545, 78724, 9100, 21187, 8493, 39484, 2786, 762, 394, 3863, 13395, 18615, 791, 4274
AAGAGGCA-GTAAGGAG: 8185, 531, 5707, 66503, 12755, 0, 8750, 9364, 0, 2662, 6999, 807, 592, 22541, 6693, 32549, 470, 47889, 2248, 35748, 0, 4872, 7641, 5143, 6916, 5068, 810, 28476, 56620, 452, 13761, 2957, 8324, 1704, 6869, 1977, 43651, 27185, 0, 36619, 8637, 2134, 0, 45, 6468, 131, 98595, 1235, 21184, 10946, 111126
AAGAGGCA-AAGGAGTA: 3170, 3536, 25373, 66012, 19175, 0, 19691, 11503, 6263, 2707, 7913, 2737, 153, 5131, 7596, 13232, 13625, 16582, 1531, 3094, 12310, 0, 3539, 32549, 5271, 24841, 10239, 4394, 25663, 4872, 10977, 5143, 12658, 28476, 432, 0, 2615, 6132, 20575, 9800, 35474, 14074, 25, 0, 1698, 2981, 16424, 25100, 8493, 39484, 2065, 33476, 3430, 448, 1945, 87273, 3699, 14749, 10946, 23922
GCTACGCT-ACTGCATA: 2283, 1258, 10514, 7720, 66503, 17456, 0, 8750, 9364, 1356, 10998, 2711, 2460, 0, 15061, 7726, 7506, 126, 7596, 3669, 35834, 5097, 10415, 22541, 20838, 6693, 32549, 9001, 417, 27655, 3535, 19517, 3520, 31103, 50843, 28476, 9984, 37395, 14209, 2877, 6869, 21404, 3527, 105, 27185, 4744, 9100, 133, 35133, 16453, 0, 915, 45, 0, 8868, 191, 86142, 19034, 10946, 111126
PB31: 4157, 3536, 30, 69964, 31915, 10322, 9364, 0, 9718, 651, 2079, 4923, 718, 2426, 807, 16075, 21422, 4540, 11187, 39051, 16030, 9489, 45177, 0, 0, 9294, 15963, 432, 1785, 13761, 3394, 42615, 122, 31119, 27185, 76159, 7396, 32090, 1886, 8493, 0, 394, 0, 87745, 15153, 47061, 93762
AAGAGGCA-CTAAGCCT: 66503, 12755, 0, 8750, 9364, 2683, 4923, 807, 15588, 7530, 32549, 31035, 1846, 19517, 4872, 41941, 28476, 432, 452, 13761, 6869, 13216, 6713, 3527, 27185, 9100, 32832, 8493, 0, 45, 3205, 87745, 19034, 10946, 111126
AAGAGGCA-CTCTCTAT: 30, 66503, 10542, 0, 8750, 0, 9364, 2436, 4923, 807, 15588, 8473, 32549, 470, 27655, 19517, 9408, 41941, 3577, 19118, 432, 0, 13761, 6869, 11671, 6713, 3527, 27185, 9100, 53597, 8493, 0, 410, 87745, 19034, 10946, 111126
PB32: 66503, 12755, 0, 8750, 9364, 1689, 4923, 807, 592, 15588, 7946, 32549, 41865, 25663, 3520, 7641, 5143, 10900, 28476, 432, 452, 13761, 6869, 18994, 6713, 7918, 0, 27185, 9100, 32832, 8493, 0, 45, 6468, 87745, 19034, 10946, 791, 4274
PB16: 11763, 17214, 12755, 0, 8750, 9364, 3027, 4923, 15588, 7732, 32549, 78, 24841, 19517, 4872, 5143, 10900, 28476, 432, 452, 13761, 6869, 11671, 6713, 3527, 27185, 9100, 32832, 8493, 0, 45, 74960, 19034, 10946, 111126
PB47: 66503, 12755, 0, 8750, 5004, 9364, 0, 2497, 7596, 807, 12310, 38024, 24841, 35748, 4872, 5143, 6916, 28476, 432, 14224, 9800, 8456, 6713, 3527, 0, 9100, 32832, 8493, 0, 201, 45, 87745, 11822, 503, 10946, 111126
PB48: 49289, 9385, 0, 1427, 9364, 2436, 4923, 807, 21422, 5671, 13344, 13855, 22548, 17090, 4872, 5143, 10900, 28476, 4267, 2027, 6869, 1490, 6713, 3527, 27185, 9100, 32832, 8493, 0, 45, 6468, 12277, 13395, 18615, 10946, 23922
PB64: 1395, 23268, 15517, 22053, 70455, 12755, 0, 8750, 18796, 133, 87, 6826, 31838, 3326, 6387, 7056, 2000, 5205, 11447, 24474, 13816, 5698, 357, 2514, 10440, 13091, 213, 7596, 1068, 60376, 17465, 7521, 25497, 19514, 9197, 4047, 38024, 25561, 4106, 6290, 29291, 327, 15743, 45245, 51125, 19980, 0, 2575, 8919, 1308, 1774, 14069, 5143, 58765, 3011, 810, 80065, 432, 4545, 4267, 2205, 4186, 1103, 2100, 1190, 4455, 330, 2877, 5759, 4784, 49213, 11820, 37300, 7918, 15552, 3349, 105, 27185, 90022, 1419, 634, 11368, 3098, 8850, 5413, 39484, 16282, 35084, 1689, 33048, 16847, 3932, 262, 36831, 10455, 1815, 87745, 45011, 1706, 93762
AGGCAGAA-ACTGCATA: 1834, 19222, 21166, 8071, 0, 4501, 2423, 13832, 4483, 22607, 0, 9206, 10239, 17546, 6228, 12534, 9830, 432, 2008, 1704, 6869, 27185, 0, 6969, 10066, 0, 610, 10946, 23922
AGGCAGAA-CTAAGCCT: 1834, 71529, 12755, 0, 4144, 0, 7056, 9895, 22607, 9828, 180, 10239, 10092, 6660, 9358, 432, 6058, 5023, 1838, 5800, 27185, 0, 0, 15199, 10066, 610, 10946, 23922
TAAGGCGA-TATCCTCT: 10171, 4703, 59812, 12755, 0, 8750, 15667, 9364, 3692, 3027, 1168, 807, 0, 12561, 27655, 48876, 4872, 11994, 1651, 6053, 432, 0, 452, 6275, 6869, 996, 719, 27185, 25855, 8493, 0, 2786, 45, 17989, 7670, 2414, 6335, 10946, 111126
PB78: 10446, 21553, 3802, 14082, 57913, 5424, 3027, 1297, 11205, 347, 22456, 17830, 11388, 7510, 0, 18783, 0, 13880, 810, 9222, 0, 2846, 0, 1620, 3536, 21425, 8818, 12387, 27185, 25855, 23797, 0, 5667, 15199, 45, 10946, 111126, 6172
PB61: 35213, 8320, 5983, 14082, 4817, 57913, 5250, 3027, 4048, 2878, 1046, 22456, 17830, 11388, 11132, 470, 20692, 0, 13880, 810, 9830, 0, 2846, 0, 570, 18165, 25135, 3536, 17455, 8818, 12387, 0, 25855, 23797, 0, 65405, 45, 14469, 2855, 19034, 18785, 10946, 111126
GGACTCCT-ACTGCATA: 105669, 50565, 2988, 3027, 1297, 0, 11205, 12990, 28327, 33148, 3896, 3520, 0, 8919, 1308, 3577, 452, 7870, 3376, 17455, 8818, 719, 27185, 0, 0, 9654, 15199, 45, 3430, 2595, 10946, 61273
GGACTCCT-TAGATCGC: 105669, 50565, 2988, 3027, 1297, 0, 11205, 12990, 28327, 33148, 3896, 113, 8919, 773, 0, 452, 7870, 3376, 17455, 8818, 719, 27185, 0, 0, 69392, 45, 3430, 2595, 10946, 61273
PB45: 5983, 4001, 8060, 3027, 1297, 11205, 13055, 5982, 5811, 48991, 24264, 1384, 99774, 7621, 18872, 36407, 2379, 0, 37685, 19118, 0, 2846, 0, 1129, 7870, 1871, 8818, 1948, 719, 27185, 9100, 0, 141, 0, 69392, 8594, 45, 3430, 7424, 9901, 6335, 29331, 78933, 41625
PB77: 223233, 53625, 26306, 3027, 1297, 11205, 13055, 122277, 3896, 24264, 1384, 99774, 7182, 18872, 36407, 2379, 0, 88502, 432, 2119, 0, 2846, 0, 570, 2475, 7870, 8818, 1704, 1948, 719, 27185, 9100, 141, 2439, 0, 9654, 15199, 8594, 45, 3430, 7424, 10807, 6335, 29331, 78933, 41625
PB69: 10171, 19355, 10819, 16201, 21166, 17847, 16376, 1427, 2100, 29774, 18759, 19493, 2460, 1297, 26533, 618, 20897, 95912, 1338, 470, 773, 54394, 432, 452, 11191, 1820, 21434, 6869, 719, 0, 0, 0, 94242, 45, 3430, 13395, 10946, 791, 18541
PB_5: 3907, 4073, 15735, 91959, 19493, 6999, 42073, 16300, 5671, 470, 17326, 118, 1695, 0, 1704, 6869, 27185, 7396, 4773, 9177, 0, 69488, 45, 3430, 2200, 6335, 10946, 791, 18541
PB37: 3907, 4073, 15735, 91959, 19493, 6999, 55902, 16300, 6799, 19283, 3352, 194, 9830, 432, 452, 6869, 27185, 7396, 17944, 15656, 0, 77718, 45, 3430, 2200, 1356, 6335, 10946, 791, 18541
PB13: 3907, 4073, 15735, 91959, 62987, 6999, 55902, 16300, 6634, 19283, 3352, 194, 9830, 432, 2846, 6869, 27185, 7396, 17944, 15656, 0, 77718, 45, 2200, 10946, 791, 18541
PB85: 3907, 4073, 15735, 91959, 62987, 6999, 55902, 16300, 8695, 19283, 3352, 194, 9830, 432, 2846, 6869, 27185, 7396, 11477, 15656, 0, 77718, 45, 2200, 10946, 791, 18541
PB28: 21166, 0, 0, 0, 0, 0, 0, 0
PB67: 2896, 636, 0, 2172, 1159, 7742, 0, 3944
PB59: 0, 1764
PB52: 2010, 5288, 872, 1692, 791
PB26: 17837, 7112, 38336, 11145, 24264, 88502, 9399, 10066
PB34: 5658, 9876, 11388, 3577, 2578, 23256, 45, 10066
PB11: 9830
CTCTCTAC-AAGGAGTA: 8829, 9830, 452, 3244, 45, 10066, 19822
GTAGAGGA-CTAAGCCT: 14082, 9830, 452, 3244, 45, 10066, 19822
CTCTCTAC-CTAAGCCT: 14082, 9830, 452, 3244, 45, 10066, 19822
CTCTCTAC-CTCTCTAT: 14082, 4684, 9830, 452, 3244, 45, 10066, 19822, 791
CTCTCTAC-TAGATCGC: 14082, 9830, 452, 3244, 45, 10066, 19822
CTCTCTAC-ACTGCATA: 14082, 9830, 452, 3244, 45, 10066, 7656
CAGAGAGG-TAGATCGC: 14082, 8380, 9830, 452, 3244, 45, 10066, 7656
CAGAGAGG-CTAAGCCT: 14082, 8380, 9830, 452, 3244, 45, 10066, 19822
CAGAGAGG-GTAAGGAG: 14082, 9830, 452, 3244, 45, 10066, 19822
CTCTCTAC-TATCCTCT: 14082, 9830, 452, 3244, 45, 10066, 19822
CAGAGAGG-ACTGCATA: 14082, 9830, 3244, 10066, 19822
CAGAGAGG-AGAGTAGA: 14082, 9830, 452, 3244, 45, 10066, 19822
CAGAGAGG-TATCCTCT: 15384, 9830, 452, 3244, 10066, 19822
CAGAGAGG-AAGGAGTA: 14082, 9830, 452, 3244, 45, 10066, 19822
CTCTCTAC-AGAGTAGA: 14082, 9830, 452, 3244, 45, 10066, 19822
CTCTCTAC-GTAAGGAG: 8829, 8380, 9830, 452, 3244, 45, 19822
PB44: 10171, 5858, 0, 0, 307, 6558
PB_2: 0
PB25: 0
PB41: 807, 5314, 20533, 6133
CGTACTAG-TAGATCGC: 807, 7732, 20533, 6133
PB57: 3649, 9177
PB75: 872, 2960, 670, 6558