AAGAGGCA-TATCCTCT: 11195, 2692, 1513, 11008, 1408, 83629, 66495, 36126, 8750, 5004, 2286, 87, 16256, 9364, 14622, 11505, 21673, 12155, 17412, 15604, 25300, 20453, 2625, 27540, 3603, 7817, 15639, 8922, 9895, 32480, 1189, 1804, 9488, 33823, 10863, 568, 5910, 7255, 15741, 3184, 846, 970, 6532, 12294, 5766, 23210, 4053, 22714, 28180, 3737, 44781, 11545, 19189, 2134, 54890, 43786, 5077, 11844, 9206, 31035, 51125, 18150, 1436, 9375, 29501, 50663, 101245, 3352, 25943, 0, 68736, 95972, 670, 0, 2697, 9479, 18817, 10102, 21562, 14220, 10761, 10984, 1915, 78378, 8908, 33599, 5759, 7039, 1762, 50723, 3590, 5893, 10141, 10095, 19850, 2756, 33775, 19476, 9100, 2981, 45865, 7813, 8850, 17451, 16293, 23994, 9863, 3104, 3520, 47115, 6531, 14620, 4586, 12277, 28763, 14540, 23234, 96141, 49463, 3942, 10946, 23922, 869
PB63: 39834, 1408, 8233, 13248, 77914, 12755, 0, 63790, 4031, 8570, 3649, 11503, 20143, 5075, 9718, 17412, 2440, 21124, 1064, 9716, 15639, 24031, 5716, 353, 18651, 661, 7255, 7596, 7954, 2945, 13435, 1355, 1382, 29090, 8359, 6783, 13902, 1957, 5811, 22684, 5789, 6324, 2736, 6693, 5738, 25368, 30233, 19994, 3110, 45075, 34659, 11443, 0, 22528, 35760, 4650, 1584, 5017, 10977, 72619, 22633, 3577, 15963, 2493, 668, 8035, 0, 4118, 3244, 10223, 1145, 9839, 43948, 3098, 2580, 35833, 3060, 13895, 2777, 16310, 0, 9100, 20429, 53597, 7438, 8850, 5733, 41511, 17211, 49984, 20553, 28816, 4706, 35515, 14870, 7223, 2898, 0, 891, 610, 20483, 3478, 2584, 10946
AAGAGGCA-TAGATCGC: 9217, 23268, 21228, 5707, 6824, 171482, 8750, 37955, 237, 10286, 25752, 1805, 9241, 3326, 5075, 3999, 62182, 300, 13353, 6383, 5716, 4580, 18871, 2668, 307, 2005, 661, 14987, 7596, 2945, 11891, 16726, 6592, 5766, 35325, 550, 22541, 20329, 7656, 33748, 741, 54460, 1078, 57666, 28286, 35748, 22528, 35760, 6677, 1313, 131432, 23479, 80065, 59762, 9620, 7304, 2403, 13920, 36492, 5280, 8738, 2452, 798, 18375, 54721, 1704, 9800, 4785, 62525, 17704, 9234, 8704, 46661, 76159, 7396, 0, 41600, 21376, 8850, 0, 14440, 17055, 20930, 45025, 394, 25937, 12814, 12277, 3991, 1611, 12923, 20765, 10946, 111126, 154
PB39: 1395, 4291, 30, 71529, 12755, 0, 19691, 0, 11503, 7915, 12261, 13353, 6383, 5698, 2175, 1699, 661, 7596, 14087, 4053, 10415, 18934, 550, 28375, 6088, 39223, 14708, 412, 17344, 4703, 76084, 16675, 4394, 25663, 0, 5229, 58401, 11905, 810, 0, 45957, 432, 26491, 30360, 1284, 14524, 16541, 1523, 1704, 1692, 3634, 58134, 4120, 28255, 16310, 0, 76159, 53597, 1764, 0, 23994, 1528, 20553, 15132, 1945, 18545, 106, 7642, 87745, 20765, 2584, 10946, 111126, 154
PB_8: 8329, 862, 23268, 7707, 4407, 30, 21166, 36126, 5004, 0, 3398, 18759, 21673, 4967, 6209, 235, 5943, 46264, 0, 307, 9111, 6012, 7596, 11891, 5642, 550, 11015, 3413, 17783, 61800, 2679, 6508, 5267, 8327, 0, 15664, 13572, 5143, 23741, 6005, 28476, 86368, 0, 1848, 0, 13920, 5759, 3394, 1704, 9800, 18562, 6962, 7918, 69026, 6324, 39908, 9100, 52818, 16424, 141, 0, 54901, 13148, 1449, 394, 4787, 15132, 2049, 12277, 14895, 1377, 610, 52042, 10946, 791, 4274, 154
GCTACGCT-GTAAGGAG: 0, 531, 13248, 70455, 0, 1427, 5004, 9364, 0, 5221, 188, 5546, 252, 3533, 10415, 5811, 22541, 20329, 7238, 7609, 0, 3169, 41865, 13275, 4840, 0, 5143, 26889, 6053, 2493, 432, 0, 273, 13072, 1704, 4075, 5436, 16310, 12723, 9100, 8737, 41600, 8850, 0, 972, 394, 6468, 0, 1266, 14100, 26511, 10946, 791
PB24: 531, 5124, 44214, 12755, 0, 17645, 10286, 23613, 11505, 4374, 14736, 882, 7596, 582, 10415, 5642, 550, 12310, 10284, 28678, 14708, 412, 69890, 209, 57643, 0, 16991, 61914, 28476, 2493, 0, 8103, 34233, 14865, 8028, 16930, 23002, 4006, 21447, 3527, 0, 76159, 16443, 32832, 1764, 0, 49109, 0, 33621, 1945, 682, 610, 19019, 2584, 10946, 111126
PB55: 56748, 17456, 0, 8750, 0, 11503, 5285, 9718, 403, 2080, 2472, 4112, 7596, 1341, 35864, 15588, 4047, 14823, 3855, 6194, 5022, 0, 0, 9489, 5143, 0, 28476, 2493, 0, 11598, 9800, 21447, 3527, 2545, 16310, 12723, 9100, 22673, 1764, 0, 762, 394, 3863, 610, 19019, 791, 4274
AAGAGGCA-GTAAGGAG: 8185, 531, 5707, 70455, 12755, 0, 8750, 9364, 0, 6383, 1957, 22541, 11015, 33748, 45075, 35748, 0, 4872, 5143, 6916, 810, 28476, 59762, 2846, 11598, 2811, 5759, 1704, 1692, 40835, 27185, 0, 53597, 8850, 0, 394, 6468, 1945, 131, 98123, 20765, 10946, 111126
AAGAGGCA-AAGGAGTA: 5707, 69964, 14491, 0, 19691, 0, 11503, 6263, 2707, 7847, 2737, 5131, 7596, 11123, 9548, 16582, 1957, 12310, 0, 33748, 24841, 209, 4394, 25663, 4872, 15156, 5143, 12658, 0, 28476, 432, 0, 3576, 7374, 1704, 9800, 35474, 9983, 0, 1698, 2981, 228, 32832, 0, 33621, 3430, 612, 1945, 86142, 15153, 10946, 23922
GCTACGCT-ACTGCATA: 2283, 7720, 71529, 17456, 0, 8750, 0, 9364, 449, 2460, 0, 15061, 7726, 7506, 7596, 3216, 11135, 10415, 30222, 20838, 6693, 33748, 9868, 417, 24841, 13275, 35748, 31239, 5143, 32631, 28476, 9984, 0, 37395, 11598, 1692, 21447, 3527, 27185, 4744, 9100, 133, 0, 36619, 16453, 0, 394, 1945, 74960, 19438, 10946, 111126
PB31: 3536, 30, 69964, 28055, 8750, 9364, 9718, 2520, 7596, 2426, 16075, 28375, 4540, 11187, 24841, 16030, 0, 9918, 45177, 0, 38386, 432, 0, 1785, 11598, 3394, 17938, 31119, 0, 76159, 7396, 32832, 8850, 0, 394, 15132, 87273, 7271, 47061, 93762
AAGAGGCA-CTAAGCCT: 70455, 12755, 0, 8750, 9364, 3027, 7596, 22541, 7656, 33748, 31035, 35748, 4872, 41941, 28476, 432, 0, 2846, 11598, 1692, 21447, 3527, 27185, 9100, 53597, 8850, 0, 394, 87273, 19019, 10946, 111126
AAGAGGCA-CTCTCTAT: 30, 70455, 12755, 0, 8750, 0, 9364, 1559, 7596, 22541, 6693, 33748, 24841, 35748, 4872, 5143, 12658, 3577, 6053, 432, 0, 2846, 11598, 1692, 11671, 31119, 27185, 9100, 53597, 8850, 0, 394, 5217, 87273, 19019, 10946, 111126
PB32: 70455, 12755, 0, 8750, 9364, 3027, 7596, 22541, 7946, 33748, 39051, 25663, 5143, 28476, 432, 0, 2846, 11598, 1692, 56022, 27185, 9100, 53597, 8850, 0, 394, 6468, 87273, 11137, 10946, 791, 4274
PB16: 11763, 21166, 12755, 0, 8750, 9364, 3027, 7596, 22541, 6693, 33748, 24841, 19517, 4872, 5143, 12658, 28476, 432, 0, 2846, 7901, 1692, 51631, 27185, 9100, 53597, 0, 394, 74960, 19019, 10946, 111126
PB47: 70455, 12755, 0, 8750, 5004, 9364, 0, 2497, 7596, 0, 12310, 39223, 24841, 35748, 4872, 5143, 6916, 28476, 432, 0, 14568, 9800, 8456, 31119, 0, 9100, 53597, 8850, 0, 394, 5387, 87273, 12226, 10946, 111126
PB48: 49289, 9385, 0, 1427, 9364, 2321, 7596, 28375, 4047, 7238, 7609, 22548, 17090, 4872, 5143, 12658, 28476, 0, 4267, 1692, 31355, 27185, 9100, 32832, 8850, 0, 394, 15132, 12277, 12923, 19019, 10946, 23922
PB64: 1395, 23268, 18500, 22053, 71529, 12755, 0, 8750, 0, 87, 11503, 31838, 208, 8066, 7056, 2000, 4075, 24474, 5698, 2929, 50440, 7596, 13385, 108856, 25497, 22541, 279, 9197, 4047, 39223, 14708, 4106, 13976, 2477, 45245, 51125, 5022, 0, 2575, 1308, 5143, 54343, 810, 80065, 432, 0, 4545, 4267, 2549, 6026, 1190, 5057, 2877, 5759, 4784, 49213, 11854, 37300, 7918, 16296, 27185, 90022, 634, 14483, 3098, 8850, 5413, 0, 14440, 35084, 33048, 5815, 6943, 6468, 36831, 14870, 87273, 45011, 10946, 93762
AGGCAGAA-ACTGCATA: 1834, 19222, 21166, 8071, 0, 4538, 13832, 17740, 0, 209, 10092, 6337, 4623, 9830, 432, 0, 20234, 1704, 1692, 27185, 0, 0, 6969, 10066, 610, 10946, 23922
AGGCAGAA-CTAAGCCT: 0, 1834, 77914, 8071, 0, 0, 4423, 7056, 13832, 17740, 0, 180, 209, 0, 10092, 8132, 4623, 9830, 432, 0, 2846, 0, 6467, 1692, 27185, 0, 0, 15199, 10066, 610, 10946, 23922
TAAGGCGA-TATCCTCT: 10171, 59812, 12755, 0, 8750, 9901, 9364, 3692, 3027, 0, 22541, 24841, 35748, 4872, 12980, 6053, 432, 0, 2846, 6275, 1692, 27185, 25855, 8850, 0, 394, 10347, 5013, 2414, 6335, 10946, 111126
PB78: 10592, 21553, 8829, 57913, 5531, 3027, 11420, 347, 22320, 6741, 11388, 7510, 0, 18783, 0, 1961, 810, 8135, 0, 2846, 0, 3120, 3648, 17455, 5168, 17083, 27185, 25855, 23797, 0, 10453, 6969, 394, 10946, 111126, 10755
PB61: 35213, 6603, 8829, 5562, 57913, 3027, 5209, 4827, 24246, 6741, 11388, 2745, 20958, 0, 1961, 810, 9830, 0, 2846, 0, 570, 19665, 13940, 3648, 17455, 5168, 17083, 0, 25855, 23797, 0, 65405, 394, 14469, 19720, 6335, 10946, 111126
GGACTCCT-ACTGCATA: 105669, 52745, 2988, 3027, 0, 11420, 13188, 9876, 33148, 2745, 4124, 113, 0, 8919, 2349, 3577, 0, 2846, 7238, 3376, 17455, 5168, 27185, 0, 0, 14440, 6969, 394, 3430, 2595, 10946, 61273
GGACTCCT-TAGATCGC: 105669, 52745, 2988, 3027, 0, 11420, 13188, 9876, 33148, 2745, 4124, 8919, 0, 2846, 7238, 3376, 17455, 5168, 27185, 0, 0, 69392, 394, 3430, 2595, 10946, 61273
PB45: 6603, 4001, 11860, 3027, 11420, 11418, 5959, 51731, 2745, 11018, 1384, 99774, 7621, 21084, 36407, 0, 37685, 6053, 0, 2846, 0, 1582, 7238, 1871, 5168, 3527, 27185, 9100, 0, 0, 69392, 0, 394, 3430, 7783, 9901, 6335, 29331, 3902, 10946, 41625
PB77: 216781, 53827, 11860, 3027, 11420, 11418, 125017, 2745, 4124, 11018, 99774, 7717, 21084, 36407, 0, 91770, 432, 0, 2846, 0, 570, 2928, 7238, 5168, 1704, 3527, 27185, 9100, 0, 0, 14440, 6969, 0, 394, 3430, 7783, 13111, 6335, 29331, 3902, 10946, 41625
PB69: 11195, 19355, 10819, 16201, 21166, 12755, 16376, 1427, 37554, 18759, 21673, 3027, 26533, 618, 18416, 98652, 2745, 57662, 432, 0, 2846, 10559, 1947, 17455, 1692, 0, 0, 0, 94242, 394, 3430, 12923, 10946, 791, 18541
PB_5: 3907, 3258, 93009, 21673, 6999, 42073, 12031, 4047, 17326, 118, 1695, 0, 1704, 1692, 27185, 7396, 0, 4773, 9177, 0, 72745, 394, 3430, 6335, 10946, 791, 18541
PB37: 3907, 30683, 93009, 21673, 6999, 55902, 12031, 6925, 17326, 3352, 9830, 432, 0, 2846, 1692, 27185, 7396, 0, 41600, 0, 80975, 394, 3430, 6335, 10946, 791, 18541
PB13: 3907, 30683, 93009, 65167, 6999, 55902, 12031, 5010, 17326, 3352, 9830, 432, 0, 2846, 1692, 27185, 7396, 0, 41600, 0, 80975, 394, 10946, 791, 18541
PB85: 3907, 30683, 93009, 65167, 6999, 55902, 12031, 7656, 17326, 3352, 9830, 432, 0, 2846, 1692, 27185, 7396, 0, 41600, 0, 80975, 394, 10946, 791, 18541
PB28: 21166, 0, 0, 0, 0, 0, 0, 0, 0, 0
PB67: 5288, 0, 9152, 7813
PB59: 0, 1764
PB52: 2010, 5288, 872, 1692, 0, 0, 791
PB26: 3284, 7219, 21240, 16635, 11018, 91770, 0, 0, 0, 9399, 10066
PB34: 7838, 9876, 11388, 3577, 0, 2578, 23256, 0, 0, 394, 10066
PB11: 9830, 0
CTCTCTAC-AAGGAGTA: 8829, 9830, 0, 2846, 0, 0, 0, 394, 10066, 19822
GTAGAGGA-CTAAGCCT: 8829, 9830, 0, 2846, 0, 0, 0, 394, 10066, 19822
CTCTCTAC-CTAAGCCT: 8829, 9830, 0, 2846, 0, 0, 0, 394, 10066, 19822
CTCTCTAC-CTCTCTAT: 8829, 9830, 0, 2846, 0, 0, 0, 394, 10066, 19822, 791
CTCTCTAC-TAGATCGC: 8829, 9830, 0, 2846, 0, 0, 0, 394, 10066, 19822
CTCTCTAC-ACTGCATA: 8829, 9830, 0, 2846, 0, 0, 0, 394, 10066, 19822
CAGAGAGG-TAGATCGC: 8829, 2134, 9830, 0, 2846, 0, 0, 0, 394, 10066
CAGAGAGG-CTAAGCCT: 8829, 2134, 9830, 0, 2846, 0, 0, 0, 394, 10066, 19822
CAGAGAGG-GTAAGGAG: 8829, 9830, 0, 2846, 0, 0, 0, 394, 10066, 19822
CTCTCTAC-TATCCTCT: 8829, 9830, 0, 2846, 0, 0, 0, 394, 10066, 19822
CAGAGAGG-ACTGCATA: 8829, 9830, 0, 3244, 0, 0, 10066, 19822
CAGAGAGG-AGAGTAGA: 8829, 9830, 0, 2846, 0, 0, 0, 394, 10066, 19822
CAGAGAGG-TATCCTCT: 15384, 9830, 0, 2846, 0, 0, 0, 10066, 19822
CAGAGAGG-AAGGAGTA: 8829, 9830, 0, 2846, 0, 0, 0, 394, 10066, 19822
CTCTCTAC-AGAGTAGA: 8829, 9830, 0, 2846, 0, 0, 0, 394, 10066, 19822
CTCTCTAC-GTAAGGAG: 8829, 2134, 9830, 0, 2846, 0, 0, 0, 394, 19822
PB44: 8071, 0, 3855, 0, 0, 0, 6558
PB58: 3902
PB82: 0
PB60: 0
PB_2: 0
PB25: 0
PB41: 25368
CGTACTAG-TAGATCGC: 6693, 25368
PB75: 872, 1114, 0, 6558