AAGAGGCA-TATCCTCT: 2952, 2692, 7097, 1513, 11008, 1408, 3536, 83629, 66495, 36126, 1427, 5004, 2286, 87, 16256, 8446, 14622, 11505, 21673, 12155, 17412, 15604, 25300, 20453, 2625, 27540, 3603, 7817, 15639, 1559, 8922, 9895, 32480, 1168, 1478, 2514, 7724, 33823, 10863, 8, 557, 5910, 7255, 15741, 3184, 10892, 970, 6532, 0, 12294, 5766, 23210, 4053, 22714, 28180, 3737, 44781, 24047, 19189, 2134, 54890, 10424, 22013, 8538, 5077, 11844, 9206, 31035, 51125, 18150, 1436, 9375, 29501, 50663, 89688, 3352, 25943, 0, 68736, 95972, 670, 0, 2697, 9479, 18817, 10102, 21562, 14220, 10761, 1529, 10984, 1915, 78378, 8908, 33599, 5759, 7039, 1762, 63925, 3590, 5893, 8231, 10095, 19850, 2756, 33775, 19476, 9100, 2981, 0, 33868, 7813, 8850, 17451, 16293, 23994, 9863, 3104, 3520, 47115, 0, 6531, 14620, 4586, 12277, 28763, 14540, 23234, 96141, 49463, 3942, 10946, 23922, 869
PB63: 39834, 1408, 8233, 13248, 77914, 12755, 0, 30839, 4031, 6991, 3649, 11503, 20143, 5075, 9718, 10029, 2440, 21124, 1064, 3331, 9716, 15639, 24031, 5716, 353, 747, 18651, 661, 7255, 7596, 7954, 2945, 1972, 1355, 1382, 29090, 8359, 6783, 13902, 1957, 5811, 22684, 5789, 6324, 2736, 6336, 5738, 25368, 30233, 19994, 3110, 7083, 45075, 34659, 11443, 0, 9375, 35760, 4650, 1584, 5017, 10977, 71814, 22633, 3577, 15963, 2493, 668, 8035, 0, 4118, 3244, 7196, 1145, 9839, 43948, 4714, 3098, 2580, 9800, 6066, 0, 13895, 3320, 2777, 16310, 0, 9100, 20429, 16221, 32832, 7438, 8850, 5733, 41511, 17211, 49984, 20553, 4823, 28816, 4706, 35515, 10455, 0, 7223, 2898, 0, 891, 610, 20483, 1893, 2584, 10946
AAGAGGCA-TAGATCGC: 9217, 23268, 21228, 5707, 6824, 171482, 8750, 5004, 237, 18162, 25752, 1805, 9241, 3326, 5075, 3205, 3056, 3999, 62182, 300, 13353, 6383, 3369, 204, 4580, 2705, 2751, 293, 2668, 146, 307, 2005, 661, 322, 14987, 7596, 2945, 11891, 14441, 6592, 12128, 35325, 550, 22541, 9197, 7656, 33748, 741, 47271, 1078, 1623, 57666, 28286, 25663, 22528, 35760, 6677, 1584, 1313, 10977, 110230, 23479, 80065, 59762, 9620, 4545, 5502, 2403, 11598, 36492, 5280, 8738, 3923, 2452, 725, 8908, 18375, 54721, 1704, 9800, 4785, 62525, 10293, 9234, 6447, 46661, 76159, 7396, 0, 36619, 21376, 8850, 0, 14440, 17055, 20930, 45025, 394, 18758, 2780, 12814, 12277, 3991, 2088, 1611, 87273, 20765, 3013, 10946, 111126, 154
PB39: 1395, 10441, 30, 71529, 12755, 13019, 21512, 0, 9364, 7915, 4862, 12261, 1415, 13353, 5205, 6383, 204, 5698, 1933, 8128, 196, 1699, 661, 235, 7596, 14087, 0, 4053, 10415, 18934, 5760, 550, 2664, 28375, 6088, 39223, 14708, 412, 17344, 4703, 76084, 16675, 4394, 25663, 0, 11820, 58401, 11905, 810, 0, 45957, 432, 26491, 30360, 1284, 14524, 16197, 1190, 798, 1523, 1704, 6869, 3634, 58134, 4120, 28255, 16310, 0, 76159, 0, 36619, 1764, 0, 2207, 6939, 1528, 20553, 8926, 1945, 18545, 106, 7642, 87745, 20765, 3324, 2584, 5175, 10946, 111126, 50101
PB_8: 8329, 862, 23268, 762, 7707, 4407, 30, 5288, 28235, 1427, 5004, 0, 3398, 18759, 21673, 4967, 6209, 235, 5943, 204, 46264, 0, 307, 9111, 10863, 322, 5958, 7596, 11891, 5642, 2768, 12268, 3413, 17783, 61800, 2679, 6508, 5267, 8327, 0, 15664, 13572, 10135, 5143, 23741, 6005, 28476, 0, 86368, 0, 1848, 0, 13920, 2759, 1190, 5759, 3394, 1704, 9800, 18562, 6962, 7918, 69026, 6324, 39908, 9100, 52818, 16424, 141, 0, 9478, 0, 54901, 13148, 1449, 394, 1655, 4035, 15132, 191, 12277, 14895, 1377, 610, 52042, 5734, 1706, 791, 4274, 154
GCTACGCT-GTAAGGAG: 0, 3258, 531, 13248, 70455, 0, 1427, 5004, 279, 9364, 0, 5221, 188, 5546, 252, 7596, 4558, 3533, 0, 20599, 5811, 5642, 22541, 11132, 7238, 7609, 0, 4106, 3169, 41865, 13275, 4840, 0, 5143, 26889, 6053, 2493, 432, 0, 273, 13072, 1704, 7081, 5436, 16310, 12723, 9100, 8737, 41600, 789, 8850, 0, 972, 394, 6468, 0, 106, 1618, 14100, 26511, 10946, 791
PB24: 131, 3536, 531, 5124, 44214, 12755, 0, 17645, 10286, 23613, 11505, 642, 1294, 4817, 12320, 6383, 3328, 14736, 882, 7596, 582, 10415, 5642, 550, 15588, 10284, 30286, 14708, 412, 4394, 69890, 209, 57643, 0, 16991, 516, 1584, 61914, 7533, 28476, 2493, 0, 269, 33889, 8424, 14865, 8028, 16930, 23002, 4006, 21447, 3527, 9234, 12723, 76159, 5094, 16443, 5098, 18277, 7920, 0, 38298, 0, 33621, 8926, 1945, 10455, 682, 74960, 19019, 2584, 10946, 111126
PB55: 56748, 17456, 0, 8750, 0, 11503, 5285, 9718, 403, 2420, 2080, 2472, 4112, 7596, 1341, 35864, 0, 15588, 4047, 14823, 4394, 3855, 6194, 5022, 1128, 0, 0, 9489, 5143, 6916, 0, 28476, 2493, 0, 4266, 4267, 2605, 9800, 21447, 3527, 0, 2545, 16310, 12723, 9100, 22673, 1764, 0, 944, 762, 394, 3863, 12923, 19019, 791, 4274
AAGAGGCA-GTAAGGAG: 8185, 531, 5707, 70455, 12755, 0, 8750, 9364, 0, 6383, 1957, 22541, 11015, 33748, 47889, 25663, 0, 4872, 7641, 5143, 6916, 810, 28476, 56620, 2846, 11254, 2811, 5759, 1704, 6869, 1977, 43651, 27185, 0, 0, 36619, 8850, 0, 394, 6468, 1945, 131, 98123, 20765, 10946, 111126
AAGAGGCA-AAGGAGTA: 25373, 69964, 14491, 0, 19691, 0, 11503, 6263, 2707, 7847, 2737, 5131, 7596, 13232, 9548, 16582, 1957, 12310, 0, 2709, 33748, 5271, 24841, 209, 4394, 25663, 4872, 15156, 5143, 12658, 0, 28476, 432, 0, 3576, 9, 7374, 1704, 9800, 35474, 9983, 0, 1698, 2981, 228, 25100, 6333, 0, 33621, 3430, 612, 1945, 86142, 3699, 15153, 10946, 23922
GCTACGCT-ACTGCATA: 2283, 7720, 71529, 17456, 0, 8750, 0, 9364, 15604, 449, 2711, 2460, 0, 15061, 7726, 7506, 7596, 76, 3216, 11135, 10415, 22541, 20838, 6693, 33748, 9001, 417, 27655, 209, 4394, 25663, 1584, 31239, 5143, 32631, 810, 28476, 9984, 0, 37395, 11254, 2877, 6869, 21447, 3527, 196, 27185, 4744, 9100, 133, 0, 36619, 16453, 0, 915, 394, 1945, 2180, 74960, 19438, 10946, 111126
PB31: 4157, 3536, 30, 69964, 31915, 1427, 9364, 9718, 651, 2079, 7596, 2426, 4053, 16075, 28375, 4540, 11187, 24841, 16030, 0, 0, 9489, 45177, 0, 0, 9358, 15963, 432, 0, 1785, 11254, 3394, 3226, 31119, 0, 76159, 7396, 32832, 8850, 0, 394, 3430, 15132, 87273, 7271, 47061, 93762
AAGAGGCA-CTAAGCCT: 70455, 12755, 0, 8750, 9364, 3027, 7596, 22541, 7656, 33748, 31035, 1846, 25663, 4872, 41941, 28476, 432, 0, 2846, 11254, 6869, 21447, 3527, 27185, 9100, 32832, 8493, 0, 394, 8856, 87273, 19019, 10946, 111126
AAGAGGCA-CTCTCTAT: 30, 70455, 10542, 0, 8750, 0, 9364, 2436, 7596, 22541, 6693, 33748, 27655, 25663, 4872, 5143, 12658, 3577, 6053, 432, 0, 2846, 11254, 6869, 11671, 6713, 3527, 27185, 9100, 53597, 8493, 0, 410, 87273, 19019, 10946, 111126
PB32: 70455, 12755, 0, 8750, 9364, 3027, 7596, 592, 22541, 7946, 33748, 41865, 25663, 7641, 5143, 28476, 432, 0, 2846, 11254, 6869, 27225, 7918, 27185, 9100, 32832, 8493, 0, 394, 6468, 87273, 11137, 10946, 791, 4274
PB16: 11763, 21166, 12755, 0, 8750, 9364, 3027, 7596, 22541, 6693, 33748, 24841, 19517, 4872, 5143, 12658, 28476, 432, 0, 0, 452, 7557, 6869, 27225, 3527, 27185, 9100, 32832, 0, 394, 74960, 19019, 10946, 111126
PB47: 70455, 12755, 0, 8750, 5004, 9364, 0, 2497, 7596, 0, 12310, 39223, 24841, 35748, 4872, 5143, 6916, 28476, 432, 0, 14224, 9800, 8456, 6713, 3527, 0, 9100, 32832, 8493, 0, 394, 10351, 87273, 12226, 10946, 111126
PB48: 49289, 9385, 0, 1427, 9364, 2321, 7596, 28375, 4047, 7238, 7609, 22548, 17090, 4872, 5143, 12658, 28476, 0, 4267, 6869, 6949, 3527, 27185, 9100, 32832, 8493, 0, 394, 15132, 1945, 12923, 19019, 10946, 23922
PB64: 1395, 23268, 18500, 22053, 30, 71529, 12755, 0, 8750, 0, 87, 11503, 31838, 208, 8066, 7056, 2000, 5205, 4075, 24474, 2089, 5698, 2929, 2514, 50440, 322, 7596, 13385, 60376, 17740, 7521, 25497, 22541, 279, 9197, 4047, 39223, 14708, 4106, 13976, 327, 15743, 45245, 51125, 5022, 0, 2575, 8919, 1308, 14069, 5143, 54343, 2379, 810, 80065, 432, 0, 4545, 4267, 2205, 4186, 2100, 1190, 5057, 2877, 5759, 4784, 49213, 11854, 37300, 7918, 16296, 3349, 27185, 90022, 634, 11368, 3098, 8850, 5413, 0, 14440, 35084, 1689, 33048, 5815, 3932, 262, 36831, 10455, 87273, 45011, 1706, 93762
AGGCAGAA-ACTGCATA: 1834, 19222, 21166, 8071, 0, 4538, 13832, 17740, 0, 209, 10092, 6228, 4623, 9830, 432, 0, 0, 20234, 2008, 1704, 6869, 27185, 0, 0, 6969, 10066, 610, 10946, 23922
AGGCAGAA-CTAAGCCT: 0, 1834, 71529, 8071, 0, 0, 4144, 7056, 9895, 17740, 0, 180, 209, 0, 10092, 8132, 4623, 9830, 432, 0, 2846, 0, 6467, 1692, 27185, 0, 0, 15199, 10066, 610, 10946, 23922
TAAGGCGA-TATCCTCT: 10171, 6011, 59812, 12755, 0, 8750, 15791, 9364, 3692, 3027, 0, 22541, 24841, 25663, 4872, 12980, 6053, 432, 0, 2846, 6275, 6869, 1924, 27185, 25855, 8493, 0, 394, 10347, 7670, 2414, 6335, 10946, 111126
PB78: 10592, 21553, 3802, 8829, 57913, 5531, 3027, 11420, 347, 22456, 17830, 11388, 7510, 0, 18783, 0, 1961, 810, 9222, 0, 2846, 0, 3120, 3648, 17455, 5168, 17083, 27185, 25855, 23797, 0, 5667, 15199, 394, 10946, 111126, 10755
PB61: 51619, 6603, 8829, 5562, 57913, 2543, 3027, 5209, 4827, 24246, 17830, 11388, 11132, 20958, 0, 1961, 810, 9830, 0, 2846, 0, 570, 19665, 13940, 3648, 17455, 5168, 17083, 0, 25855, 23797, 0, 65405, 394, 14469, 19720, 6335, 10946, 111126
GGACTCCT-ACTGCATA: 105669, 52745, 2988, 3027, 0, 11420, 13188, 25160, 33148, 2745, 3896, 113, 0, 8919, 1308, 0, 3577, 0, 2846, 7238, 3376, 17455, 5168, 1924, 27185, 0, 0, 9654, 15199, 394, 3430, 2595, 10946, 6558, 18541
GGACTCCT-TAGATCGC: 105669, 52745, 2988, 3027, 0, 11420, 13188, 25160, 33148, 2745, 3896, 113, 8919, 1308, 0, 0, 2846, 7238, 3376, 17455, 5168, 1924, 27185, 0, 0, 69392, 394, 3430, 2595, 10946, 6558, 18541
PB45: 6603, 4001, 116, 8167, 3027, 11420, 11418, 5959, 51731, 2745, 24264, 1384, 99774, 7621, 21084, 36407, 2379, 0, 0, 37685, 6053, 0, 2846, 0, 1582, 7238, 1871, 5168, 1948, 1924, 27185, 9100, 0, 141, 0, 69392, 0, 394, 3430, 7424, 9901, 6335, 29331, 3902, 10946, 41625
PB77: 216781, 53827, 11860, 3027, 11420, 11418, 125017, 2745, 3896, 24264, 1384, 99774, 7717, 21084, 36407, 2379, 0, 0, 91770, 432, 0, 2846, 0, 570, 2928, 7238, 5168, 1704, 1948, 1924, 27185, 9100, 0, 141, 0, 9654, 15199, 0, 394, 3430, 7424, 9901, 6335, 29331, 3902, 10946, 41625
PB69: 11195, 19355, 10819, 16201, 21166, 17847, 16376, 1427, 37554, 18759, 21673, 2460, 26533, 618, 18416, 98652, 2745, 1338, 1308, 0, 57662, 432, 0, 452, 10559, 1947, 17455, 6869, 1924, 0, 0, 0, 94242, 394, 3430, 12923, 10946, 791, 18541
PB_5: 3907, 3258, 93009, 21673, 6999, 42073, 12031, 4047, 17326, 118, 1695, 0, 1704, 6869, 27185, 7396, 0, 4773, 9177, 0, 72745, 394, 3430, 4698, 6335, 10946, 791, 18541
PB37: 3907, 15735, 93009, 21673, 6999, 55902, 12031, 6925, 17326, 3352, 194, 9830, 432, 0, 2846, 6869, 27185, 7396, 0, 17944, 15656, 0, 80975, 394, 3430, 4698, 6335, 10946, 791, 18541
PB13: 3907, 15735, 93009, 65167, 6999, 55902, 12031, 5010, 17326, 3352, 194, 9830, 432, 0, 2846, 6869, 27185, 7396, 0, 17944, 15656, 0, 80975, 394, 4698, 10946, 791, 18541
PB85: 3907, 15735, 93009, 65167, 6999, 55902, 12031, 7656, 17326, 3352, 194, 9830, 432, 0, 2846, 6869, 27185, 7396, 0, 12963, 15656, 0, 80975, 394, 4698, 1781, 10946, 791, 18541
PB28: 5288, 0, 0, 0, 0, 0, 0, 0, 0, 0, 0, 0, 0
PB67: 2896, 0, 636, 0, 9152, 7813, 0
PB59: 0, 1764
PB52: 2010, 5288, 872, 1692, 0, 0, 791
PB26: 3284, 7219, 36524, 16635, 24264, 91770, 0, 0, 0, 9399, 10066
PB34: 7838, 9876, 11388, 3577, 0, 2578, 23256, 0, 0, 394, 10066
PB11: 9830, 0
CTCTCTAC-AAGGAGTA: 8829, 9830, 0, 452, 3244, 0, 0, 394, 10066, 19822
GTAGAGGA-CTAAGCCT: 8829, 9830, 0, 2846, 0, 0, 0, 394, 10066, 19822
CTCTCTAC-CTAAGCCT: 8829, 9830, 0, 2846, 0, 0, 0, 394, 10066, 19822
CTCTCTAC-CTCTCTAT: 8829, 9830, 0, 2846, 0, 0, 0, 394, 10066, 19822, 791
CTCTCTAC-TAGATCGC: 8829, 9830, 0, 2846, 0, 0, 0, 394, 10066, 19822
CTCTCTAC-ACTGCATA: 8829, 9830, 0, 2846, 0, 0, 0, 394, 10066, 7656
CAGAGAGG-TAGATCGC: 8829, 2134, 9830, 0, 452, 3244, 0, 0, 394, 10066, 7656
CAGAGAGG-CTAAGCCT: 8829, 2134, 9830, 0, 2846, 0, 0, 0, 394, 10066, 19822
CAGAGAGG-GTAAGGAG: 8829, 9830, 0, 2846, 0, 0, 0, 394, 10066, 19822
CTCTCTAC-TATCCTCT: 8829, 9830, 0, 2846, 0, 0, 0, 394, 10066, 19822
CAGAGAGG-ACTGCATA: 8829, 9830, 0, 3244, 0, 0, 10066, 19822
CAGAGAGG-AGAGTAGA: 8829, 9830, 0, 2846, 0, 0, 0, 394, 10066, 19822
CAGAGAGG-TATCCTCT: 15384, 9830, 0, 2846, 0, 0, 0, 10066, 19822
CAGAGAGG-AAGGAGTA: 8829, 9830, 0, 2846, 0, 0, 0, 394, 10066, 19822
CTCTCTAC-AGAGTAGA: 8829, 9830, 0, 452, 3244, 0, 0, 394, 10066, 19822
CTCTCTAC-GTAAGGAG: 8829, 2134, 9830, 0, 2846, 0, 0, 0, 394, 19822
PB44: 10171, 5858, 0, 3855, 0, 0, 0, 6558
PB58: 3902
PB82: 0
PB60: 0
PB_2: 0
PB25: 0
PB41: 3690, 21732, 6133
CGTACTAG-TAGATCGC: 6693, 21732, 6133
PB57: 3649, 9177
PB75: 872, 453, 1114, 0, 6558