CAGAGAGG-AAGGAGTA: 339, 1386, 81, 519, 489, 1596, 731, 60, 2027, 112, 3274, 530, 2044, 2751, 70, 1973, 72, 163, 46, 3532, 1047, 837, 116, 489, 462, 6048, 16412, 6375, 15527, 2515, 1318, 1487, 962, 239, 177, 7787, 677, 247, 3002, 7, 800, 795, 18639, 946, 1471, 884, 96, 1221, 18177, 2949, 532, 7070, 2055, 1774, 24347, 275
CAGAGAGG-GTAAGGAG: 339, 1160, 238, 519, 75, 2270, 1993, 347, 3002, 198, 1371, 4190, 530, 3343, 569, 1568, 2646, 334, 3532, 1047, 114, 600, 457, 116, 489, 462, 1325, 6555, 4089, 16914, 15527, 725, 1365, 671, 2101, 177, 21, 377, 1588, 7, 61, 569, 18639, 946, 3265, 1471, 884, 1221, 23707, 7119, 2055, 1774, 17303, 275
CTCTCTAC-TATCCTCT: 238, 519, 519, 417, 1248, 369, 2606, 112, 3770, 2365, 5166, 569, 3600, 1179, 114, 483, 216, 462, 4357, 2181, 1283, 1730, 7642, 4471, 1318, 725, 5504, 962, 1130, 98, 2101, 313, 8770, 3019, 76, 244, 7900, 2824, 3339, 2063, 1666, 2144, 498, 1221, 13493, 3194, 4054, 8396, 3572, 1450, 821, 4754, 465, 275
AAGAGGCA-CTCTCTAT: 804, 238, 519, 489, 1913, 790, 465, 347, 1997, 198, 1371, 6602, 530, 3343, 1568, 2646, 81, 72, 163, 46, 1047, 457, 483, 555, 116, 489, 1175, 1347, 4063, 302, 468, 6555, 2175, 13712, 1957, 1503, 10, 725, 1487, 962, 1251, 1518, 2101, 177, 7907, 377, 247, 3002, 7, 423, 539, 9648, 1108, 4247, 4438, 946, 306, 1552, 1221, 18177, 1939, 8177, 2055, 28200, 275
AAGAGGCA-TATCCTCT: 48, 1160, 147, 519, 417, 902, 3354, 198, 165, 1371, 4325, 732, 188, 1184, 83, 52, 123, 1095, 1047, 114, 457, 483, 116, 489, 1673, 1325, 440, 4474, 1706, 9811, 5621, 178, 6082, 120, 15084, 607, 962, 1167, 239, 23, 1037, 247, 2447, 724, 141, 568, 1453, 10412, 946, 959, 1552, 477, 1221, 18177, 231, 1020, 120, 8270, 1774, 17195, 515
AAGAGGCA-CTAAGCCT: 238, 666, 1353, 545, 1374, 495, 1384, 970, 112, 2697, 530, 869, 2718, 1405, 1568, 1184, 72, 163, 46, 123, 7406, 1570, 235, 382, 372, 4081, 319, 6500, 10511, 530, 4300, 531, 6082, 138, 725, 1365, 717, 3418, 2970, 165, 889, 2010, 63, 375, 2863, 738, 1838, 4306, 863, 915, 3529, 1471, 14945, 1221, 18177, 2252, 11397, 1170, 2055, 1774, 17057, 6690, 519
GCTACGCT-ACTGCATA: 804, 238, 294, 914, 2270, 1248, 268, 449, 1092, 57, 1371, 4190, 8854, 1405, 1224, 1252, 2646, 72, 623, 46, 4487, 2035, 1570, 114, 456, 506, 392, 807, 90, 1995, 1667, 48, 641, 16412, 1957, 1044, 6082, 144, 725, 1703, 813, 177, 21, 69, 1419, 131, 81, 8714, 831, 1189, 300, 4530, 3265, 1471, 5823, 3715, 18177, 1939, 7070, 2055, 20916, 2883, 430, 357, 186
PB39: 339, 75, 157, 151, 268, 1622, 165, 140, 1623, 1104, 1944, 815, 2067, 3600, 163, 80, 170, 116, 90, 164, 1101, 3087, 3600, 1004, 9299, 823, 2829, 798, 807, 759, 15527, 807, 138, 916, 1365, 242, 2970, 2344, 1975, 177, 162, 247, 1541, 64, 663, 4025, 588, 1928, 836, 386, 3589, 308, 1700, 3742, 5248, 2285, 4092, 402, 2055, 14997, 1487, 7888, 408
PB32: 42, 2295, 731, 347, 446, 165, 889, 4325, 530, 1781, 1194, 1176, 1408, 3690, 46, 23195, 1047, 1095, 170, 116, 2751, 652, 78, 1976, 510, 441, 1142, 798, 15527, 133, 725, 1831, 527, 407, 962, 63, 7, 76, 398, 1883, 94, 4638, 849, 1471, 471, 1108, 1939, 245, 6986, 875, 2055, 894, 3027, 6011, 2883, 1398, 32
PB40: 238, 519, 72, 1280, 417, 178, 268, 347, 2636, 198, 1371, 4190, 530, 4024, 1609, 70, 2646, 373, 174, 46, 2667, 54216, 9652, 456, 116, 489, 6337, 653, 2873, 1754, 1340, 3519, 524, 2001, 1377, 371, 1957, 3174, 663, 2515, 725, 5504, 443, 962, 2970, 4561, 5122, 2101, 177, 1524, 63, 7, 353, 890, 2705, 1312, 2134, 2738, 1630, 2095, 2985, 16329, 1939, 15274, 2055, 28200, 4409, 25887, 186
PB88: 147, 519, 3365, 417, 61, 268, 347, 2993, 198, 1563, 1371, 4190, 5284, 4074, 1609, 70, 2646, 72, 163, 59, 2667, 69825, 456, 116, 6337, 4012, 15050, 1340, 3519, 391, 1117, 1957, 32129, 2487, 1103, 122, 443, 671, 962, 4561, 7957, 1936, 177, 843, 1221, 7, 518, 947, 2134, 2738, 946, 2354, 2985, 18177, 1939, 6993, 2055, 28200, 6451, 25887, 186
PB16: 147, 519, 1521, 1280, 674, 790, 369, 719, 3327, 136, 1430, 1664, 50, 92, 474, 70, 2646, 154, 46, 1220, 1929, 23195, 9913, 483, 414, 5308, 585, 1014, 13337, 483, 2695, 1828, 2696, 357, 120, 4083, 3671, 759, 44, 1318, 138, 725, 1068, 1745, 1668, 1831, 340, 1582, 2101, 843, 923, 539, 300, 1743, 2134, 959, 270, 801, 1992, 1745, 18177, 1939, 532, 3169, 858, 2055, 17303, 25887, 275
PB79: 147, 417, 369, 1868, 87, 1825, 1208, 3469, 621, 97, 1252, 2646, 163, 11, 1220, 18188, 8757, 1074, 11990, 1095, 496, 116, 1541, 1029, 2584, 888, 638, 1525, 2370, 1854, 2487, 316, 120, 725, 1068, 962, 1469, 3950, 1384, 485, 663, 64, 112, 1127, 705, 947, 1626, 2738, 889, 1129, 2261, 2901, 5455, 712, 861, 979, 750, 2055, 880, 3853, 4858, 666, 501, 549, 5033, 236, 15227, 519
PB87: 789, 238, 519, 72, 45, 417, 1516, 2636, 82, 1371, 4190, 530, 774, 362, 1526, 188, 70, 2646, 72, 163, 46, 27950, 4389, 483, 555, 116, 489, 1325, 833, 917, 66, 208, 6400, 977, 2478, 258, 267, 6082, 10, 725, 242, 962, 1251, 1093, 150, 2101, 177, 794, 42, 843, 923, 7, 131, 150, 1763, 806, 848, 1555, 863, 1543, 946, 3589, 1471, 2714, 1434, 18177, 1939, 8177, 2055, 28200, 1600, 275
AAGAGGCA-TAGATCGC: 238, 519, 72, 417, 1097, 268, 347, 2636, 198, 1371, 6325, 1070, 815, 249, 169, 2282, 2646, 72, 154, 136, 5019, 2572, 7406, 170, 117, 489, 483, 90, 1487, 1370, 134, 1667, 183, 2061, 432, 66, 504, 611, 620, 3239, 1927, 725, 1487, 962, 1862, 177, 2079, 63, 936, 1244, 747, 1529, 1781, 4438, 946, 3589, 1471, 14945, 2985, 18177, 1939, 8177, 2055, 28200, 4427, 6492, 315, 80, 946
AAGAGGCA-GTAAGGAG: 498, 2144, 790, 60, 347, 970, 540, 2033, 393, 2365, 4127, 654, 474, 188, 1403, 660, 46, 309, 8466, 339, 162, 4389, 600, 117, 116, 1347, 1944, 6215, 504, 3157, 1957, 621, 671, 962, 1099, 1320, 321, 3061, 177, 923, 7, 141, 177, 2100, 109, 264, 300, 1743, 889, 4603, 16329, 1308, 5112, 858, 2055, 17990, 1366, 33, 4123, 465, 236
PB64: 511, 18770, 333, 766, 555, 347, 60, 198, 3118, 1371, 674, 1185, 4127, 774, 2783, 474, 164, 1403, 5019, 27597, 42, 12513, 234, 170, 116, 489, 483, 130, 2751, 1693, 1016, 570, 276, 1613, 1433, 171, 1841, 1041, 15527, 44, 725, 986, 3937, 280, 1687, 259, 1027, 983, 266, 75, 1079, 1489, 308, 6986, 2055, 7162, 7708, 5888, 6348, 8822, 159, 186
CAGAGAGG-TAGATCGC: 2480, 6098, 800, 2943, 235, 1630, 122, 1252, 128, 1535, 282, 14666, 5539, 19640, 22213, 1489, 2487, 19277, 747, 4302, 725, 1487, 443, 2418, 15216, 892, 12937, 2363, 1196, 1666, 4735, 200
CAGAGAGG-AGAGTAGA: 6098, 1371, 2943, 235, 1410, 1252, 114, 1535, 282, 3289, 11780, 2463, 669, 15000, 3912, 22213, 2633, 2487, 10422, 483, 5318, 2076, 4302, 1487, 443, 4405, 3553, 5859, 15291, 8417, 16827, 1196, 991, 4735
CAGAGAGG-ACTGCATA: 1563, 3555, 1710, 581, 2943, 2097, 279, 868, 282, 5878, 216, 15149, 264, 10457, 4226, 13373, 1469, 759, 19277, 1769, 4302, 764, 1041, 5167, 5748, 1210, 13816, 892, 992, 112, 11125, 1196, 4572, 186
CTCTCTAC-CTAAGCCT: 5666, 735, 3074, 16683, 244, 347, 20976, 3380, 530, 710, 1557, 8604, 10828, 1220, 2052, 2285, 1048, 2973, 1301, 1041, 693, 30622, 26, 3674, 23606, 29951, 22213, 16238, 6009, 4518, 245, 1429, 443, 2977, 2226, 2864, 14151, 3543, 1961, 719, 444, 2937, 498, 1450, 4134, 3375, 8348, 632, 1229, 508
CTCTCTAC-ACTGCATA: 1278, 5588, 16683, 18442, 3380, 710, 1261, 8526, 10828, 18272, 2285, 1469, 973, 1300, 630, 2842, 1041, 22034, 4982, 28851, 6413, 3089, 3912, 22213, 16238, 4938, 4518, 245, 5502, 1068, 3073, 2264, 4107, 20885, 7164, 2088, 2346, 1014, 7061, 1119, 620, 8234, 4534, 3180, 632, 2049
PB37: 16683, 588, 518, 20976, 3380, 1318, 1557, 45, 4371, 19779, 9446, 2817, 3960, 3400, 40192, 15050, 1094, 5203, 10689, 13750, 309, 22078, 859, 4201, 6009, 1367, 9788, 245, 5072, 243, 1469, 323, 2412, 4107, 19589, 2304, 2346, 2937, 96, 525, 6022
PB_5: 16683, 518, 20976, 3380, 1318, 1557, 4371, 19779, 6193, 2646, 2817, 694, 2168, 1048, 1300, 40192, 59076, 22213, 859, 4201, 6009, 1367, 4518, 245, 5353, 1469, 401, 2339, 4107, 19436, 2304, 2346, 2937, 525, 6022
CAGAGAGG-TATCCTCT: 739, 16022, 412, 322, 11818, 463, 2101, 442, 5282, 1683, 1048, 172, 1283, 693, 1999, 1928, 1268, 1357, 6369, 2329, 668, 13209, 13373, 1838, 1138, 435, 258, 2344, 202, 258, 259, 21, 1871, 240, 1323, 3420, 676, 1388, 552, 4197, 959
CTCTCTAC-AGAGTAGA: 119, 937, 1075, 742, 1634, 315, 775, 452, 1742, 351, 1345, 81, 3582, 14471, 13373, 1017, 2285, 8475, 2311, 1328, 13493, 2493, 3575
CAGAGAGG-CTCTCTAT: 463, 4314, 4982, 773, 145, 5549, 810, 2699, 491, 1371, 1324, 800, 2509, 229, 1410, 1220, 2667, 1929, 114, 216, 1278, 3517, 419, 225, 245, 7692, 768, 2732, 861, 596, 3675, 245, 1192, 1487, 443, 2941, 892, 1236, 2104, 2127, 96, 8684, 218, 153, 1207, 6545
CTCTCTAC-CTCTCTAT: 352, 5007, 6386, 761, 4483, 21907, 3380, 491, 800, 956, 8100, 43058, 114, 333, 275, 22142, 6284, 4287, 867, 3675, 7300, 443, 624, 1236, 6866, 4279, 510, 2784, 1269, 959, 2528, 5102
PB93: 3276, 844, 1463, 369, 299, 4727, 943, 32670, 1544, 8816, 17830, 6098, 5451, 3805, 10184, 50592, 3363, 5049, 500, 1384, 1323, 294, 1212, 1228, 2499, 3459, 16439, 15283, 2270, 878, 36358, 615, 154, 22213, 5636, 859, 8947, 14400, 3738, 47980, 709, 1411, 2782, 4107, 1127, 11577, 15676, 541, 2901, 1774, 15596, 13522, 3947, 7064, 8701, 8454
PB11: 3933, 1347, 1974, 1105, 21784, 1248, 68, 21907, 2699, 1371, 1353, 2152, 123, 842, 1680, 172, 282, 15050, 2247, 24769, 16238, 2271, 4302, 5165, 443, 820, 1878, 2663, 26737, 4222, 6449, 525, 4735, 10354, 5452, 6545, 4409, 19865
CTCTCTAC-TAGATCGC: 339, 3914, 64, 797, 1105, 23798, 21907, 2699, 17861, 1353, 1454, 555, 277, 1634, 1680, 103, 2357, 3690, 615, 1809, 3482, 3365, 1930, 15475, 2343, 4518, 1808, 3624, 443, 13557, 6443, 843, 4735, 6623, 2948, 11050, 5452, 17970, 19233
GGACTCCT-TAGATCGC: 10144, 1408, 2557, 797, 1105, 4059, 5780, 5451, 1001, 723, 2033, 1383, 298, 2130, 1599, 5019, 9898, 1570, 2285, 795, 1655, 12513, 5329, 13337, 764, 2783, 329, 7016, 3696, 22010, 4807, 2318, 5227, 838, 16238, 6009, 3765, 4195, 7063, 443, 4405, 14896, 15291, 4053, 7094, 9287, 270, 897, 29829, 7061, 1434, 222, 8348
GGACTCCT-ACTGCATA: 1408, 158, 2022, 797, 1105, 7609, 20976, 6098, 5451, 1144, 1554, 2751, 10184, 8319, 1185, 2646, 277, 33884, 1570, 1634, 2285, 1680, 1655, 40885, 13337, 5007, 2783, 17574, 33834, 5227, 838, 16238, 6009, 542, 725, 443, 900, 954, 16903, 1884, 4088, 4107, 7094, 9287, 1009, 1506, 29829, 4735, 8348
PB77: 16136, 1003, 13624, 21907, 6098, 0, 1206, 3130, 1172, 18718, 1286, 2152, 229, 277, 1220, 6932, 1570, 1634, 2552, 3205, 3407, 2906, 5742, 1468, 3624, 5353, 1240, 745, 27915, 15216, 12976, 4230, 29829, 10265, 1526, 843, 1007, 2012, 8348
PB29: 7005, 237, 7568, 21907, 6098, 5341, 1284, 800, 7653, 1070, 4593, 8319, 1220, 6932, 30636, 2285, 172, 282, 4756, 40885, 11780, 3859, 14016, 30077, 18903, 16238, 6009, 3765, 725, 4017, 27915, 15216, 12976, 4555, 4107, 2871, 1021, 2396, 477, 7160, 15676, 3490, 4153, 4438, 19345, 2948, 8066
PB35: 2734, 7005, 237, 21907, 6098, 5341, 1284, 2438, 7653, 1070, 4593, 8319, 1185, 2130, 2646, 23152, 30636, 2285, 1889, 1469, 1223, 4756, 1655, 40885, 11780, 2145, 1898, 14078, 30077, 18903, 16238, 6009, 3765, 725, 1487, 1861, 3982, 18878, 15216, 13888, 4555, 4107, 2871, 288, 2396, 477, 16448, 15676, 6348, 8066, 3367, 2119
PB45: 12068, 17206, 3925, 1245, 828, 1532, 1192, 20655, 3380, 143, 4371, 11011, 656, 742, 750, 5880, 1043, 702, 1243, 1513, 1051, 649, 2499, 13984, 3674, 14666, 5382, 1542, 78, 705, 13750, 666, 294, 1119, 11360, 3050, 5212, 1659, 2412, 1362, 963, 20372, 1245, 330, 4863, 2139, 1495, 525, 16329, 2971, 1912, 2009
TCCTGAGC-CTAAGCCT: 3895, 14773, 8360, 68, 314, 4864, 225, 12020, 3755, 1220, 2285, 282, 2357, 11780, 22225, 725, 7300, 1487, 1041, 4107, 964, 843, 3943, 4735, 3227, 1368, 10432, 19797, 27931
PB85: 14773, 809, 4982, 761, 4500, 689, 4482, 849, 710, 3111, 474, 40447, 1220, 26696, 3272, 9761, 7469, 801, 2357, 34762, 2487, 2592, 725, 43409, 223, 1972, 443, 4405, 5167, 7537, 13355, 258, 3738, 821, 1957, 6478, 2527, 996, 4438, 19345, 2948, 2294, 1207, 19797, 10049, 2923
CAGAGAGG-CTAAGCCT: 7247, 2881, 526, 4736, 755, 17309, 2699, 491, 314, 3757, 3132, 4494, 474, 735, 2145, 2310, 10113, 231, 3782, 6136, 2409, 2405, 7742, 1448, 2116, 1211, 1161, 1655, 4406, 11780, 3576, 14016, 22846, 22943, 1808, 1041, 1847, 1506, 12816, 7061, 234, 1740, 4735, 11050, 19797, 4827
GGACTCCT-CTAAGCCT: 852, 1349, 797, 1105, 750, 272, 349, 1371, 943, 1973, 6932, 1929, 1055, 911, 653, 30389, 3886, 14016, 26296, 1514, 1141, 69, 8296, 67, 38444, 5469, 315, 6249, 409, 2056, 3024, 963, 2396, 477, 497, 1940, 958, 8348
PB57: 8485, 4028, 3315, 27328, 1347, 5387, 22231, 842, 433, 129, 1284, 1688, 567, 2525, 356, 381, 645, 1919, 1113, 204, 695, 1059, 687, 2446, 9205, 2679, 1718, 413, 4756, 7323, 15050, 2644, 330, 675, 20171, 513, 22225, 2487, 2534, 67, 1769, 245, 475, 443, 260, 2049, 3220, 3379, 2101, 8896, 2079, 156, 447, 709, 409, 150, 15668, 4504, 24, 2738, 1953, 21232, 620, 2901, 349, 1007, 1170, 311
PB21: 635, 2070, 14773, 4736, 2218, 207, 213, 1688, 341, 555, 3231, 795, 13204, 787, 1105, 1634, 11282, 735, 108, 450, 725, 1139, 7787, 1419, 21, 380, 951, 1975, 1884, 1721, 2738, 626, 2971
TAAGGCGA-CTCTCTAT: 0, 0, 0, 0, 0, 0, 0
TAAGGCGA-ACTGCATA: 0, 0, 0, 0, 0, 0, 0
PB83: 0, 0, 0, 0, 0, 0, 0
AGGCAGAA-CTCTCTAT: 0, 0, 0, 0, 0, 0, 0, 0
AGGCAGAA-TAGATCGC: 0, 0, 0, 0, 0, 0, 0
PB53: 0, 0, 0, 0, 0, 0, 0, 0, 0
GTAGAGGA-CTCTCTAT: 0, 0, 0, 0, 0, 0, 0, 0, 0, 0
TCCTGAGC-ACTGCATA: 0, 0, 0, 0, 0, 0, 0, 0
PB58: 0, 0, 0, 0, 0, 0
TCCTGAGC-AGAGTAGA: 0, 0, 0, 0, 0, 0, 0
PB33: 0, 0, 0, 0, 0, 0, 0, 0, 0, 0
PB_4: 0, 0, 0, 0, 0, 0, 0, 0, 0, 0
PB84: 0, 0, 0, 0, 0, 0, 0, 0
TCCTGAGC-GTAAGGAG: 0, 0, 0, 0, 0, 0, 0
PB41: 0, 0, 0, 0, 0, 0, 0, 0, 0
PB25: 0, 0, 0, 0, 0, 0, 0, 0, 0
GTAGAGGA-TATCCTCT: 0, 0, 0, 0, 0, 0, 0, 0
CGTACTAG-TATCCTCT: 513, 755, 27, 357, 879, 629, 594, 9191, 482, 334, 153, 429, 36
CGTACTAG-GTAAGGAG: 513, 755, 27, 357, 879, 629, 594, 9191, 482, 334, 153, 429, 36
PB50: 513, 755, 27, 357, 879, 629, 594, 9191, 482, 334, 153, 429, 36
AGGCAGAA-TATCCTCT: 513, 755, 27, 357, 879, 629, 594, 9191, 482, 334, 153, 429, 36
GTAGAGGA-TAGATCGC: 513, 755, 27, 357, 879, 629, 594, 9191, 2977, 482, 334, 153, 429, 36
TAAGGCGA-CTAAGCCT: 513, 755, 27, 357, 879, 629, 594, 9191, 245, 482, 334, 153, 429, 36
PB82: 513, 755, 27, 357, 879, 629, 1769, 594, 9191, 2970, 482, 334, 153, 429, 36
PB90: 755, 27, 357, 879, 629, 1769, 594, 9191, 3876, 334, 153, 429, 36
PB27: 513, 2829, 27, 357, 629, 594, 2096, 334, 153, 429, 36
AGGCAGAA-GTAAGGAG: 513, 755, 27, 357, 879, 629, 594, 7869, 482, 334, 153, 429, 36
CGTACTAG-CTAAGCCT: 300, 27, 357, 629, 594, 9191, 482, 334, 153, 429, 36
TAAGGCGA-TATCCTCT: 513, 27, 357, 24, 3072, 276, 1769, 594, 7803, 3400, 153, 36
PB18: 513, 755, 27, 2057, 629, 594, 7803, 1006, 334, 429
CGTACTAG-AAGGAGTA: 513, 755, 27, 357, 743, 629, 594, 9191, 426, 334, 153, 429, 36
GTAGAGGA-AGAGTAGA: 300, 1332, 2829, 27, 357, 879, 276, 594, 3653, 1388, 334, 429, 36
PB10: 755, 27, 357, 879, 629, 1769, 594, 7803, 482, 334, 407, 429, 36
PB34: 755, 27, 357, 2682, 629, 1769, 594, 589, 3073, 429, 36
PB76: 117, 755, 940, 474, 879, 629, 2151, 63, 1769, 1388, 482, 418, 200, 425, 5248, 429, 36
CGTACTAG-ACTGCATA: 314, 3357, 3111, 1220, 2285, 795, 725, 15676
TCCTGAGC-TATCCTCT: 3357, 3111, 1688, 1220, 2285, 795, 725, 11105, 4025
CGTACTAG-AGAGTAGA: 1397, 1554, 1220, 2285, 1769, 15676
CGTACTAG-TAGATCGC: 1324, 3111, 569, 341, 2285, 725, 2727
AGGCAGAA-AGAGTAGA: 1640, 2815, 1220, 2285, 795, 2895, 438
PB66: 3463, 710, 2943, 1807, 1220, 2285, 1197, 3356, 1017
TAAGGCGA-AAGGAGTA: 0, 3132, 1688, 654, 1220, 2285, 1769, 1624, 1017
PB43: 3805, 3111, 1688, 1220, 725, 474, 2236
CGTACTAG-CTCTCTAT: 2795, 1688, 1220, 2270, 2727
PB_3: 3007, 1764, 839, 1220, 123, 383, 498, 100, 472, 448, 259, 2071
PB44: 467, 2073, 135, 405
AGGCAGAA-AAGGAGTA: 375, 240, 4258, 105, 6304, 30319, 5807, 20501, 356, 1085, 1278, 244, 386, 1656, 755, 156, 8285, 3458, 821, 481, 1194, 355, 185, 3364, 198, 261, 59, 2052, 11257, 18188, 156, 1161, 1570, 993, 370, 694, 353, 401, 1834, 3352, 96, 4518, 542, 1831, 4139, 2663, 555, 953, 333, 234, 6817, 1027, 1453, 534, 2553, 531, 1526, 258, 29829, 2325, 1311, 496, 7061, 2527, 1711, 792, 5248, 684, 2499, 8624, 63, 132, 965
PB42: 3315, 240, 185, 1053, 2167, 755, 393, 2275, 8285, 1207, 3336, 6201, 703, 474, 370, 225, 261, 510, 198, 59, 24, 3293, 3272, 2285, 795, 583, 489, 4756, 31195, 123, 207, 1361, 306, 1464, 15527, 1844, 483, 111, 439, 67, 3050, 1798, 93, 4139, 1993, 2772, 184, 375, 1838, 747, 443, 2895, 16061, 2009, 834, 1566, 1208
