CAGAGAGG-TAGATCGC: 0, 991, 4122, 0, 7507, 3642, 44282
CAGAGAGG-AGAGTAGA: 0, 0, 0, 3434, 3642, 44282
CAGAGAGG-ACTGCATA: 0, 787, 0, 0, 3434, 3642, 43173
CTCTCTAC-CTAAGCCT: 1458, 11626, 12374, 960, 0, 0, 32026, 0
CTCTCTAC-ACTGCATA: 1458, 0, 11626, 12629, 960, 0, 0, 0, 0, 0, 32026, 908
PB37: 41563, 0, 3691, 6296, 2983, 12301, 960, 0, 3392, 0, 0, 0, 4351, 2755, 0
PB_5: 41563, 0, 3691, 6296, 2983, 12374, 960, 3392, 7416
CAGAGAGG-TATCCTCT: 0, 9650, 6296, 2725, 12629, 1104, 0, 0, 0, 0
CTCTCTAC-AGAGTAGA: 1458, 0, 5175, 468, 0, 0, 0, 0
CAGAGAGG-CTCTCTAT: 21689, 12954, 324, 0, 0, 1196, 2755, 3642, 11518
CTCTCTAC-CTCTCTAT: 3123, 22298, 12954, 1113, 0, 0, 4122, 0, 0, 7553, 49258, 2245
PB93: 9650, 33879, 0, 3691, 100400, 2185, 1113, 758, 24, 1657, 8550, 31702, 0, 792, 0, 43888, 2755, 35884, 7553, 32026, 1274, 61277, 7913
PB11: 9650, 6497, 13945, 1789, 75, 5314, 0, 5972, 2755, 7553, 3434, 43173, 7913
CTCTCTAC-TAGATCGC: 0, 3123, 6497, 2535, 1789, 411, 32180, 0, 84196, 7553, 7507, 43173, 7913
GGACTCCT-TAGATCGC: 3123, 11325, 0, 3691, 12374, 1315, 0, 4122, 19778, 0, 542, 0, 10804, 79964, 908
GGACTCCT-ACTGCATA: 3123, 11325, 636, 19778, 542, 15152, 3434, 46176, 0
PB77: 100400, 12629, 960, 0, 6921, 53804, 0, 2755, 0, 2101, 3434, 79964, 908
PB29: 19692, 79852, 5330, 0, 0, 4428, 5319, 5307, 0, 2755, 44282, 7913
PB35: 19692, 368, 79852, 5330, 24, 26099, 12890, 5319, 0, 2755, 3434, 133393, 7913
PB45: 9650, 544, 0, 1987, 191, 8508, 12374, 960, 0, 2035, 287, 0, 0, 0, 47382, 0, 0, 16073
TCCTGAGC-CTAAGCCT: 3303, 0, 12629, 0, 4428, 26931, 0
PB85: 9650, 6497, 0, 515, 8972, 12629, 0, 26931, 0, 44282
CAGAGAGG-CTAAGCCT: 3123, 22298, 0, 67018, 6338, 12374, 5319, 5307, 0, 115279, 7507, 29425, 43173
GGACTCCT-CTAAGCCT: 3123, 11325, 960, 1433, 0, 792, 228, 2755, 3642, 49611, 0
PB57: 48374, 0, 0, 3607
PB21: 181, 33165, 0, 0, 7443, 565, 25764, 120, 12282, 4178, 0, 113, 1952, 5504, 241, 36900, 32616, 1436, 7601
TAAGGCGA-CTCTCTAT: 13945, 72, 0, 2555