CAGAGAGG-AAGGAGTA: 0, 0, 0, 0, 0, 0, 0, 0, 0, 0, 0, 0, 0, 0, 0, 0, 0, 0, 0, 0, 0, 0, 0
CAGAGAGG-GTAAGGAG: 0, 0, 0, 0, 0, 0, 0, 0, 0, 0, 0, 0, 0, 0, 0, 0, 0, 0, 0, 0, 0, 0, 0, 0, 0, 0, 0, 0
CTCTCTAC-TATCCTCT: 0, 0, 0, 0, 0, 0, 0, 0, 0, 0, 0, 0, 0, 0, 0, 0, 0, 0, 0
AAGAGGCA-CTCTCTAT: 0, 0, 0, 0, 0, 0, 0, 0, 0, 0, 0, 0, 0, 0, 0, 0, 0, 0, 0, 0, 0, 0, 0, 0, 0, 0, 0, 0, 0, 0, 0, 0, 0, 0
AAGAGGCA-TATCCTCT: 0, 0, 0, 0, 0, 0, 0, 0, 0, 0, 0, 0, 0, 0, 0, 0, 0, 0, 0, 0, 0
AAGAGGCA-CTAAGCCT: 0, 0, 0, 0, 0, 0, 0, 0, 0, 0, 0, 0, 0, 0, 0, 0, 0, 0, 0, 0, 0, 0, 0
GCTACGCT-ACTGCATA: 0, 0, 0, 0, 0, 0, 0, 0, 0, 0, 0, 0, 0, 246, 0, 0, 0
PB39: 0, 0, 0, 0, 0, 0, 0, 0, 0, 0, 0, 0, 0, 0, 0, 0, 0, 0, 0, 0, 0
PB32: 0, 0, 0, 0, 0, 113, 0, 0, 0, 0, 0, 0, 0, 0, 0, 0, 2959
PB40: 0, 0, 0, 0, 0, 2342, 2115, 0, 0, 0, 0, 0, 0, 0, 2959
PB88: 0, 0, 0, 0, 0, 0, 5565, 0, 0, 0, 0, 0, 0, 0, 0, 57, 0, 0, 0, 0, 0, 0, 0, 0, 2959
PB16: 0, 0, 0, 0, 0, 5565, 0, 0, 312, 0, 0, 0, 57, 0, 0, 0, 0, 0
PB79: 2078, 0, 0, 0, 0, 0, 0, 0
PB87: 0, 0, 0, 0, 0, 0, 0, 0, 0, 0, 1422, 0, 0, 0, 0, 0, 0, 0, 0, 0, 0, 0, 0, 0, 0, 0, 0, 0, 0, 0, 0, 0, 0
AAGAGGCA-TAGATCGC: 0, 0, 0, 0, 0, 0, 0, 668, 0, 0, 0, 0, 0, 0, 0, 0, 0, 0, 57, 0, 0, 0, 0, 0, 0, 0, 0
AAGAGGCA-GTAAGGAG: 0, 0, 0, 0, 0, 0, 0, 0, 795, 393, 0, 0, 0, 0, 0, 0, 0, 0, 0, 0
PB64: 366, 0, 0, 0, 0, 0, 0, 0, 0, 0, 0, 0, 0, 0, 0
CAGAGAGG-TAGATCGC: 0, 0, 0, 0, 0, 0, 0, 0, 5248, 1154
CAGAGAGG-AGAGTAGA: 0, 0, 0, 0, 0, 0, 0, 21946, 1154
CAGAGAGG-ACTGCATA: 0, 0, 0, 0, 0, 0, 5248, 1126
CTCTCTAC-CTAAGCCT: 0, 3743, 0, 17564, 2342, 960, 0, 0, 0, 15965
CTCTCTAC-ACTGCATA: 0, 5000, 0, 11204, 5212, 1823, 960, 0, 0, 0, 15965
PB37: 463, 5000, 0, 3121, 0, 11382, 2590, 3385, 0, 0
PB_5: 463, 5000, 0, 3352, 0, 11091, 2590, 2342, 960, 0, 3385, 0, 0
CAGAGAGG-TATCCTCT: 0, 0, 0, 13101, 390, 0, 0, 0, 0
CTCTCTAC-AGAGTAGA: 0, 0, 0, 991, 5175, 0, 0, 0
CAGAGAGG-CTCTCTAT: 0, 0, 0, 15965
CTCTCTAC-CTCTCTAT: 1343, 0, 960, 0, 0, 366, 0, 0, 1799, 1744, 1188, 0, 5248
PB93: 0, 5709, 297, 1343, 3346, 660, 11648, 224, 0, 366, 0, 0, 1933, 4717, 211, 1799, 2661, 1188, 171, 5248, 160, 5735, 723
PB11: 0, 144, 692, 0, 5452, 1188, 626, 9740
CTCTCTAC-TAGATCGC: 0, 0, 144, 0, 0, 1933, 5452, 1188, 626, 9545
GGACTCCT-TAGATCGC: 0, 1928, 5112, 0, 2342, 1207, 366, 0, 0, 5248, 2971, 1770
GGACTCCT-ACTGCATA: 1928, 0, 2058, 224, 0, 0, 2971, 1770
PB77: 0, 22654, 3412, 2415, 0, 0, 366, 0, 0, 0, 1188, 171, 5248, 2971, 1770
PB29: 1343, 1330, 5125, 0, 0, 1154, 723
PB35: 1343, 207, 1330, 5125, 0, 0, 24742, 0, 0, 15965, 2971, 1770, 1154, 723
PB45: 747, 165, 11091, 502, 960, 0, 378, 372, 0
TCCTGAGC-CTAAGCCT: 0, 2670, 0, 0, 171
PB85: 4360, 72, 0, 372, 0, 2084, 2670, 0, 0, 0, 1154
CAGAGAGG-CTAAGCCT: 0, 1343, 660, 5352, 2342, 0, 0, 0, 5561, 171, 2971, 626
GGACTCCT-CTAAGCCT: 1928, 878, 0, 366, 258, 0, 2971, 1770
PB57: 1828, 1343, 3579, 0, 0
PB21: 0, 0, 0, 0, 904, 606, 228, 1274, 234, 600, 1827, 51
TAAGGCGA-CTCTCTAT: 0, 0, 0, 0, 0, 0, 0, 0, 0, 0, 0, 0, 0, 0, 0, 0, 0, 0, 0, 0, 0, 0, 0, 0, 0, 0, 0, 0, 0, 0, 0, 0, 0, 0, 0, 0, 0, 0, 0, 0, 0, 0, 0, 0, 0, 0, 0, 0, 0, 0, 0, 0, 0, 0, 0, 0, 0, 0
TAAGGCGA-ACTGCATA: 0, 0, 0, 0, 0, 0, 0, 0, 0, 0, 0, 0, 0, 0, 0, 0, 0, 0, 0, 0, 0, 0, 0, 0, 0, 0, 0, 0, 0, 0, 0, 0, 0, 0, 0, 0, 0, 0, 0, 0, 0, 0, 0, 0, 0, 0, 0, 0, 0, 0
PB83: 0, 0, 0, 0, 0, 0, 0, 0, 0, 0, 0, 0, 0, 0, 0, 0, 0, 0, 0, 0, 0, 0, 0, 0, 0, 0, 0, 0, 0, 0, 0, 0, 0, 0, 0, 0, 0, 0, 0, 0, 0, 0, 0, 0
AGGCAGAA-CTCTCTAT: 0, 0, 0, 0, 0, 0, 0, 0, 0, 0, 0, 0, 0, 0, 0, 0, 0, 0, 0, 0, 0, 0, 0, 0, 0, 0, 0, 0, 0, 0, 0, 0, 0, 0, 0, 0, 0, 0, 0, 0, 0, 0, 0, 0, 0, 0, 0, 0, 0, 0, 0
AGGCAGAA-TAGATCGC: 0, 0, 0, 0, 0, 0, 0, 0, 0, 0, 0, 0, 0, 0, 0, 0, 0, 0, 0, 0, 0, 0, 0, 0, 0, 0, 0, 0, 0, 0, 0, 0, 0, 0, 0, 0, 0, 0, 0, 0, 0, 0, 0, 0, 0, 0, 0, 0, 0, 0, 0, 0, 0
PB53: 0, 0, 0, 0, 0, 0, 0, 0, 0, 0, 0, 0, 0, 0, 0, 0, 0, 0, 0, 0, 0, 0, 0, 0, 0, 0, 0, 0, 0, 0, 0
GTAGAGGA-CTCTCTAT: 0, 0, 0, 90, 0, 0, 0, 0, 0, 0, 0, 0, 0, 0, 0, 0, 0, 0, 0, 0, 0, 0, 0, 0, 0, 0, 0, 0, 0
TCCTGAGC-ACTGCATA: 0, 0, 0, 0, 0, 0, 255, 0, 0, 0, 0, 0, 0, 0, 0, 0, 0, 0, 0, 10986, 0, 743, 297, 0, 0, 0, 0, 0, 0, 0, 0, 0, 0, 0, 0, 0, 0, 0, 0, 0, 0, 0, 0, 0, 0, 0, 0, 0, 0, 0, 0, 0, 0, 0, 0, 0, 6588, 0, 0, 0, 0
PB58: 0, 0, 0, 0, 0, 0, 0, 0, 0, 0, 0, 0, 0, 0, 0, 0, 0, 0, 0, 0, 0, 0, 0, 0, 0, 0, 0, 0, 0, 0, 0, 0, 0, 0, 0, 0, 0, 0, 0, 0, 0, 0, 0, 0, 0, 0, 0, 0, 0, 0, 0, 0, 0, 0, 0, 0, 0, 0, 0, 0, 0, 0, 0, 0, 0
TCCTGAGC-AGAGTAGA: 0, 0, 0, 0, 0, 0, 0, 0, 0, 0, 0, 0, 0, 0, 0, 0, 0, 0, 0, 0, 0, 0, 0, 0, 0, 0, 743, 629, 0, 0, 0, 0, 0, 0, 0, 0, 3379, 0, 0, 0, 0, 0, 0, 0, 0, 0, 0, 0, 0, 0, 0, 0, 0, 0, 0
PB33: 0, 0, 0, 0, 0, 0, 0, 0, 0, 0, 0, 0, 0, 0, 10945, 0, 0, 904, 0, 0, 0, 0, 0, 0, 0, 0, 0
PB_4: 0, 0, 0, 0, 1681, 0, 254, 0, 0, 0, 867, 0, 0, 0, 0, 0, 0, 9766, 907, 142, 0, 0, 0, 0, 892, 606, 0, 0, 0, 0, 0, 0, 0, 0, 3737, 258, 144, 0, 0, 0, 2460, 0, 0, 0, 1126, 0, 0
PB84: 0, 0, 0, 0, 394, 145, 0, 0, 0, 0, 0, 0, 0, 0, 0, 0, 0, 200, 0
TCCTGAGC-GTAAGGAG: 0, 463, 1864, 0, 0, 0, 366, 522, 688, 0, 2515, 18752, 16535, 0, 0, 9866, 0, 0, 0, 0, 5248, 1770, 626
PB41: 16746, 463, 295, 1343, 1003, 5175, 1222, 3567, 11004, 27545, 347, 366, 1166, 0, 1723, 9464, 10107, 16535, 3801, 4717, 211, 5452, 1188, 5248, 2971, 1154, 5735
PB25: 463, 3579, 4070, 19379, 1222, 2058, 2670, 1464, 0, 1732, 3829, 366, 805, 760, 468, 648, 0, 0, 3721, 678, 1069, 3624, 1062, 211, 309, 1139, 753, 171, 9392, 0
GTAGAGGA-TATCCTCT: 16746, 463, 8300, 1327, 8908, 1741, 1472, 16294, 4374, 2058, 5565, 1220, 7460, 4406, 366, 760, 690, 929, 1129, 0, 2515, 5581, 2718, 16535, 3801, 2551, 1071, 9866, 3711, 543, 1511, 844, 426, 2971, 3532, 1154, 6339, 723
CGTACTAG-TATCCTCT: 0, 0, 0, 0, 0, 0, 0, 0, 0, 0, 0
CGTACTAG-GTAAGGAG: 0, 0, 0, 0, 0, 0, 0, 0, 0, 0, 0
PB50: 0, 0, 0, 0, 0, 0, 0, 0, 0, 0
AGGCAGAA-TATCCTCT: 0, 0, 0, 0, 0, 0, 0, 0, 0, 0
GTAGAGGA-TAGATCGC: 0, 0, 0, 0, 0, 0, 0, 0, 0, 0, 0
TAAGGCGA-CTAAGCCT: 0, 0, 0, 0, 0, 0, 0, 0, 0, 0, 0, 0
PB82: 0, 0, 0, 0, 0, 0, 0, 0, 0, 0
PB90: 0, 0, 0, 0, 0, 0, 0, 0, 0, 0, 0
PB27: 0, 0, 0, 0, 0, 0, 0, 0, 0, 0, 0, 0, 0, 0
AGGCAGAA-GTAAGGAG: 0, 0, 0, 0, 0, 0, 0, 0, 0, 0
CGTACTAG-CTAAGCCT: 0, 0, 0, 0, 0, 0, 0, 0, 0, 0, 0, 0, 0
TAAGGCGA-TATCCTCT: 0, 0, 0, 0, 0, 0, 0, 0, 0, 0, 0, 0, 0, 0
PB18: 0, 0, 0, 0, 0, 0, 0, 0, 0, 0, 0, 0, 0, 0, 0, 0
CGTACTAG-AAGGAGTA: 0, 0, 0, 0, 0, 0, 0, 0, 0
GTAGAGGA-AGAGTAGA: 0, 0, 0, 0, 0, 0, 0, 0, 0, 0
PB10: 0, 0, 0, 0, 0, 0, 0, 0, 0, 0, 0, 0, 0, 0, 0, 0, 0, 0
PB34: 0, 0, 0, 0, 0, 0, 0, 0, 0, 0, 0
PB76: 0, 0, 0, 0, 0, 0, 0, 0, 0, 0, 0
CGTACTAG-ACTGCATA: 16746, 463, 247, 1343, 3579, 2084, 0, 366, 892, 760, 1749, 1807, 2515, 18752, 2130, 9866, 2060, 5452, 1188, 753, 5248, 2971, 1770, 1154, 6339, 9740
TCCTGAGC-TATCCTCT: 463, 22654, 0, 366, 892, 760, 1227, 1807, 2515, 18752, 2130, 9866, 2060, 5452, 1188, 165, 5248, 2971, 1770, 664, 6339, 9740
CGTACTAG-AGAGTAGA: 16746, 463, 1928, 1255, 3579, 21994, 0, 585, 892, 760, 1749, 1841, 3852, 18752, 2970, 9866, 2394, 5452, 1188, 753, 0, 5248, 2971, 1770, 1154, 5820, 9740
CGTACTAG-TAGATCGC: 463, 1928, 1343, 3579, 0, 16181, 5125, 0, 1497, 366, 892, 760, 1749, 1807, 2515, 18752, 2130, 9866, 2060, 5452, 1188, 753, 171, 5248, 2971, 1770, 1154, 6339, 9740
AGGCAGAA-AGAGTAGA: 463, 1864, 1343, 0, 10879, 3379, 0, 0, 0, 1187, 528, 2515, 18752, 2130, 2970, 1933, 934, 9866, 3711, 5452, 1188, 273, 21946, 2971, 728, 1154, 6339, 9416
PB66: 16746, 463, 1384, 1327, 0, 2003, 5288, 1251, 587, 0, 366, 892, 760, 1143, 2033, 531, 1816, 0, 2525, 12336, 1069, 2130, 2970, 501, 630, 3627, 1202, 753, 19342, 18, 5248, 2971, 664, 5735, 447
TAAGGCGA-AAGGAGTA: 463, 544, 6098, 0, 0, 22654, 0, 0, 0, 892, 760, 1227, 1816, 3852, 18752, 2130, 2970, 9866, 2394, 5150, 1188, 753, 2971, 1770, 1154, 6339, 399
PB43: 49743, 207, 1343, 3579, 0, 6616, 6338, 0, 0, 743, 150, 1143, 1807, 2515, 18752, 3801, 1687, 9866, 2306, 934, 528, 318, 171, 2971, 1770, 1154, 5735, 9740
CGTACTAG-CTCTCTAT: 463, 1888, 1343, 3579, 207, 22654, 2058, 1422, 1212, 366, 892, 760, 1749, 1807, 2515, 18752, 3801, 2130, 9866, 4717, 5452, 1188, 753, 171, 5248, 2971, 1770, 1154, 6339, 9740
PB_3: 463, 1888, 1598, 4023, 0, 15548, 0, 24, 110, 366, 892, 342, 17836, 2664, 9866, 5150, 435, 171, 18, 5248, 2971, 1770, 1154, 1171, 9740
PB44: 432, 5000, 1888, 387, 3579, 16100, 5125, 549, 1238, 879, 1058, 629, 366, 892, 760, 1749, 1807, 0, 2515, 18752, 4139, 2970, 528, 3711, 5452, 1188, 426, 171, 2971, 1770, 1154, 6339, 9740
AGGCAGAA-AAGGAGTA: 481, 1866, 1888, 1824, 911, 1985, 9784, 4530, 1686, 4423, 805, 760, 579, 528, 0, 77, 1148, 589, 1017, 3624, 4657, 1263, 784, 1188, 171, 2971, 9416
PB42: 300, 1681, 1343, 19268, 0, 521, 1079, 0, 18752, 2130, 1317, 2413, 1188, 2971, 652, 9392