CAGAGAGG-TAGATCGC: 4822, 17991, 60522, 98571, 2106, 4339, 1291, 317038, 2768, 77999, 174685, 18358, 8191, 1243, 216, 5, 170873, 1872, 34145, 12747, 29155, 141728, 8100, 3188, 11425, 37662, 17579, 33687, 1091
CAGAGAGG-AGAGTAGA: 24680, 60522, 74375, 22513, 352166, 2859, 77999, 71960, 40002, 1483, 18358, 1318, 1243, 14212, 170873, 1197, 34500, 12747, 69021, 186170, 2449, 4363, 36352, 21136, 24504, 38693
CAGAGAGG-ACTGCATA: 4908, 18617, 30319, 62954, 33471, 4295, 284245, 41899, 2859, 25836, 5011, 40230, 51510, 103359, 4405, 8191, 2227, 14212, 118679, 1197, 18544, 2432, 12747, 22798, 10389, 2012, 27164, 385, 35654, 137154, 952, 2449, 4363, 35695, 21136, 10803, 5181, 614
CTCTCTAC-CTAAGCCT: 291, 17853, 131, 0, 28875, 9527, 4859, 3273, 20358, 213, 1984, 5979, 4440, 6312, 6597, 23945, 22520, 605, 4345, 85051, 2780, 1292, 2907, 56996, 14273, 32978, 5384, 17807
CTCTCTAC-ACTGCATA: 291, 17991, 30319, 62954, 9385, 4963, 135, 3345, 20358, 9285, 1984, 5979, 2951, 1205, 16755, 20038, 1363, 22520, 434, 605, 4345, 85051, 2780, 3057, 7191, 2907, 8981, 56996, 13165, 32978, 8205, 12097, 17807
PB37: 4945, 0, 0, 0, 347, 9527, 4859, 135, 3273, 20358, 4497, 1984, 0, 5979, 6689, 6597, 23885, 40307, 35008, 4345, 6402, 84413, 2013, 1272, 3057, 5516, 300, 2907, 2234, 90069, 7752, 33687, 614
PB_5: 1610, 0, 0, 0, 347, 9527, 4859, 135, 3273, 16783, 4497, 1984, 5979, 2015, 6597, 23885, 40307, 35008, 4345, 2584, 0, 84413, 2013, 1272, 3057, 5516, 300, 2907, 2207, 90069, 7752, 33687, 1091
CAGAGAGG-TATCCTCT: 18431, 30319, 7470, 347, 9385, 8819, 5639, 4098, 231, 20358, 1945, 9241, 2825, 72, 15089, 8115, 1205, 16253, 18717, 1417, 1519, 33285, 1750, 7329, 1211, 51, 300, 0, 431, 1868, 61450, 638, 4967, 1218, 322, 304, 98, 544, 330, 273, 183, 1693, 692, 8981, 8100, 263, 2207, 510, 14273, 23099, 14128, 8358, 456, 153, 959, 19986
CTCTCTAC-AGAGTAGA: 291, 1193, 12908, 131, 0, 42359, 4859, 6636, 3222, 632, 5667, 12820, 607, 213, 1984, 0, 331, 5979, 2456, 2951, 4440, 1079, 131034, 22520, 114474, 8191, 235, 2241, 0, 4345, 2525, 3612, 434, 18, 102, 2334, 5680, 24872, 41516, 12747, 5377, 480, 216, 1134, 930, 1384, 390, 3815, 129, 187, 57, 544, 3328, 4061, 6611, 94110, 113092, 1374, 8782, 5244, 19986, 1091
CAGAGAGG-CTCTCTAT: 0, 1021, 24203, 6920, 7826, 7538, 9285, 1307, 27246, 0, 2360, 98898, 14505, 7479, 5075, 8191, 255, 52508, 4820, 1575, 3071, 803, 55883, 1473, 16444, 12747, 3057, 150, 1543, 318, 30602, 1506, 150, 2816, 1527, 29526, 8100, 2207, 2449, 11425, 6663, 102, 125, 312, 1207, 0, 38693
CTCTCTAC-CTCTCTAT: 12908, 1021, 21477, 1207, 135, 213, 33, 31746, 7996, 70681, 22341, 40307, 35221, 599, 7021, 97497, 12747, 8296, 4942, 7475, 6851, 4907, 3858, 4631, 20050, 4363, 19345, 6207, 14997, 370, 959, 80773
PB93: 8437, 0, 0, 32, 4193, 2161, 258, 5670, 39432, 10519, 10652, 24738, 634, 1408, 571, 16399, 8191, 1986, 7062, 19301, 7480, 481, 1038, 25939, 2806, 100, 1697, 2938, 20082, 2530, 14273, 2963, 2442, 16852, 5181
PB11: 4822, 1385, 0, 0, 5030, 2884, 1939, 3273, 7538, 0, 44640, 100448, 22341, 0, 6907, 14212, 0, 803, 19574, 1994, 2111, 6188, 19385, 56996, 48464, 1308, 6207, 9347, 4983, 8945, 5181
CTCTCTAC-TAGATCGC: 8437, 0, 0, 5030, 1216, 2161, 3273, 20358, 213, 1503, 50794, 26167, 1022, 1408, 6245, 0, 1243, 727, 14632, 921, 0, 56669, 2013, 1272, 2111, 7165, 7243, 56996, 0, 48464, 14593, 9347, 28599, 8400, 361
GGACTCCT-TAGATCGC: 5055, 1928, 0, 131, 0, 1908, 517, 135, 3273, 213, 3055, 52805, 6689, 6597, 5111, 30, 0, 927, 605, 2364, 1197, 34500, 9385, 12747, 3057, 3858, 7191, 4063, 2207, 14361, 531, 2114, 8023, 0, 37750
GGACTCCT-ACTGCATA: 8437, 0, 0, 2824, 1908, 517, 3080, 4566, 213, 1984, 52805, 6689, 6597, 5015, 30, 13140, 1427, 0, 85051, 687, 3057, 3858, 7191, 4063, 2207, 3557, 8205, 1866, 8023, 0, 5181
PB77: 8746, 1021, 1441, 1682, 135, 3273, 44, 2951, 70681, 30, 0, 1318, 507, 4345, 45832, 4561, 1292, 4055, 4482, 2207, 5438, 5384, 12097, 9183, 614
PB29: 6249, 0, 39109, 1633, 1786, 642, 7538, 213, 0, 5272, 13668, 30, 507, 605, 1427, 146081, 12977, 3057, 1317, 300, 4063, 48464, 20800, 14879, 16098, 5181
PB35: 6249, 0, 1021, 1633, 1734, 642, 7538, 0, 5491, 14590, 8191, 132528, 4172, 2411, 3057, 300, 2549, 14457, 5181
PB45: 0, 1021, 325, 347, 3976, 196, 135, 2592, 287, 5979, 2951, 14952, 12168, 338, 22520, 29734, 499, 4345, 14128, 8846, 299, 56635, 3057, 45, 300, 1734, 2207, 0, 861, 2851, 8624, 5181
TCCTGAGC-CTAAGCCT: 0, 1021, 1931, 18419, 4566, 0, 346, 51596, 40720, 26167, 1022, 5272, 30, 0, 35221, 161, 27772, 34600, 4535, 2364, 1197, 97497, 12747, 3057, 16522, 335, 2492, 99059, 28200, 9183
PB85: 1062, 0, 131, 0, 1809, 2001, 4566, 20, 10519, 25185, 5049, 26167, 64907, 30, 0, 4405, 5552, 655, 14212, 34600, 2364, 1197, 85085, 12747, 3057, 24, 2816, 8942, 20050, 2207, 0, 20800, 2442, 5544, 736, 1207, 9183
CAGAGAGG-CTAAGCCT: 291, 147, 1748, 0, 30334, 0, 766, 32, 1851, 13764, 8543, 213, 0, 2480, 294, 6378, 13668, 0, 8191, 211, 4345, 921, 5485, 27267, 36933, 72625, 12747, 11257, 8100, 2492, 39906, 9347, 36399, 72060
GGACTCCT-CTAAGCCT: 0, 0, 324, 135, 7538, 654, 390, 177, 409, 29611, 2345, 378, 4657, 18932, 8191, 4345, 2252, 2334, 1993, 1919, 589, 3057, 881, 300, 4063, 5990, 17807
PB57: 2754, 147, 1748, 0, 131, 0, 3634, 652, 20, 213, 24008, 409, 26716, 1022, 7140, 31055, 40307, 28962, 8191, 14212, 34600, 3071, 2364, 4561, 34500, 342, 9385, 2187, 687, 3057, 5036, 82, 730, 4517, 863, 1801, 3228, 6369, 486, 668, 260, 38648, 20050, 696, 961, 3715, 53399, 3768, 8708, 636, 33687
PB21: 0, 131, 1021, 1851, 4785, 582, 81, 3055, 840, 332, 717, 5136, 3283, 859, 25869, 78, 18449, 1417, 40307, 1080, 1230, 8191, 921, 102, 2334, 9043, 35530, 100, 9385, 19804, 1220, 1310, 2919, 2854, 144, 372, 280, 314, 30849, 2057, 578, 2492, 706, 1434, 39906, 5544, 5574, 5181
TAAGGCGA-CTCTCTAT: 291, 147, 1229, 0, 131, 0, 1441, 3273, 213, 23812, 6312, 6597, 23885, 4405, 0, 4345, 34600, 1197, 3057, 22, 2342, 408, 20321, 31, 0, 33190, 28200, 72060